Training results

Loss and optimizer used: MSE, SGD 

+---------+------------+-----------+-------------+
|   Epoch |        R^2 |      Loss |          lR |
+=========+============+===========+=============+
|       0 | -0.0787145 | 1.04203   | 0.13        |
+---------+------------+-----------+-------------+
|     100 |  0.943398  | 0.0546775 | 0.0118182   |
+---------+------------+-----------+-------------+
|     200 |  0.949213  | 0.0490603 | 0.00619048  |
+---------+------------+-----------+-------------+
|     300 |  0.951967  | 0.0463993 | 0.00419355  |
+---------+------------+-----------+-------------+
|     400 |  0.953686  | 0.0447388 | 0.00317073  |
+---------+------------+-----------+-------------+
|     500 |  0.954902  | 0.043564  | 0.00254902  |
+---------+------------+-----------+-------------+
|     600 |  0.955827  | 0.0426704 | 0.00213115  |
+---------+------------+-----------+-------------+
|     700 |  0.956565  | 0.0419577 | 0.00183099  |
+---------+------------+-----------+-------------+
|     800 |  0.957174  | 0.04137   | 0.00160494  |
+---------+------------+-----------+-------------+
|     900 |  0.957688  | 0.0408732 | 0.00142857  |
+---------+------------+-----------+-------------+
|    1000 |  0.958131  | 0.040445  | 0.00128713  |
+---------+------------+-----------+-------------+
|    1100 |  0.958519  | 0.0400703 | 0.00117117  |
+---------+------------+-----------+-------------+
|    1200 |  0.958863  | 0.0397384 | 0.00107438  |
+---------+------------+-----------+-------------+
|    1300 |  0.95917   | 0.0394412 | 0.000992366 |
+---------+------------+-----------+-------------+
|    1400 |  0.959448  | 0.0391729 | 0.000921986 |
+---------+------------+-----------+-------------+
|    1500 |  0.959701  | 0.0389288 | 0.000860927 |
+---------+------------+-----------+-------------+
|    1600 |  0.959932  | 0.0387052 | 0.000807453 |
+---------+------------+-----------+-------------+
|    1700 |  0.960145  | 0.0384994 | 0.000760234 |
+---------+------------+-----------+-------------+
|    1800 |  0.960343  | 0.0383089 | 0.000718232 |
+---------+------------+-----------+-------------+
|    1900 |  0.960526  | 0.0381319 | 0.000680628 |
+---------+------------+-----------+-------------+
|    2000 |  0.960697  | 0.0379667 | 0.000646766 |
+---------+------------+-----------+-------------+
|    2100 |  0.960857  | 0.0378119 | 0.000616114 |
+---------+------------+-----------+-------------+
|    2200 |  0.961007  | 0.0376666 | 0.000588235 |
+---------+------------+-----------+-------------+
|    2300 |  0.961149  | 0.0375297 | 0.000562771 |
+---------+------------+-----------+-------------+
|    2400 |  0.961283  | 0.0374004 | 0.000539419 |
+---------+------------+-----------+-------------+
|    2500 |  0.96141   | 0.0372779 | 0.000517928 |
+---------+------------+-----------+-------------+
|    2600 |  0.96153   | 0.0371617 | 0.000498084 |
+---------+------------+-----------+-------------+
|    2700 |  0.961645  | 0.0370511 | 0.000479705 |
+---------+------------+-----------+-------------+
|    2800 |  0.961754  | 0.0369458 | 0.000462633 |
+---------+------------+-----------+-------------+
|    2900 |  0.961858  | 0.0368453 | 0.000446735 |
+---------+------------+-----------+-------------+
|    3000 |  0.961957  | 0.0367492 | 0.000431894 |
+---------+------------+-----------+-------------+
|    3100 |  0.962052  | 0.0366572 | 0.000418006 |
+---------+------------+-----------+-------------+
|    3200 |  0.962144  | 0.036569  | 0.000404984 |
+---------+------------+-----------+-------------+
|    3300 |  0.962231  | 0.0364843 | 0.000392749 |
+---------+------------+-----------+-------------+
|    3400 |  0.962316  | 0.0364029 | 0.000381232 |
+---------+------------+-----------+-------------+
|    3500 |  0.962397  | 0.0363246 | 0.00037037  |
+---------+------------+-----------+-------------+
|    3600 |  0.962475  | 0.0362491 | 0.000360111 |
+---------+------------+-----------+-------------+
|    3700 |  0.96255   | 0.0361762 | 0.000350404 |
+---------+------------+-----------+-------------+
|    3800 |  0.962623  | 0.0361059 | 0.000341207 |
+---------+------------+-----------+-------------+
|    3900 |  0.962693  | 0.036038  | 0.000332481 |
+---------+------------+-----------+-------------+
|    4000 |  0.962761  | 0.0359722 | 0.00032419  |
+---------+------------+-----------+-------------+
|    4100 |  0.962827  | 0.0359086 | 0.000316302 |
+---------+------------+-----------+-------------+
|    4200 |  0.962891  | 0.035847  | 0.000308789 |
+---------+------------+-----------+-------------+
|    4300 |  0.962953  | 0.0357872 | 0.000301624 |
+---------+------------+-----------+-------------+
|    4400 |  0.963013  | 0.0357292 | 0.000294785 |
+---------+------------+-----------+-------------+
|    4500 |  0.963071  | 0.0356729 | 0.000288248 |
+---------+------------+-----------+-------------+
|    4600 |  0.963128  | 0.0356182 | 0.000281996 |
+---------+------------+-----------+-------------+
|    4700 |  0.963183  | 0.035565  | 0.000276008 |
+---------+------------+-----------+-------------+
|    4800 |  0.963237  | 0.0355133 | 0.00027027  |
+---------+------------+-----------+-------------+
|    4900 |  0.963289  | 0.0354629 | 0.000264766 |
+---------+------------+-----------+-------------+
|    5000 |  0.96334   | 0.0354138 | 0.000259481 |
+---------+------------+-----------+-------------+
|    5100 |  0.963389  | 0.035366  | 0.000254403 |
+---------+------------+-----------+-------------+
|    5200 |  0.963437  | 0.0353194 | 0.00024952  |
+---------+------------+-----------+-------------+
|    5300 |  0.963484  | 0.035274  | 0.000244821 |
+---------+------------+-----------+-------------+
|    5400 |  0.96353   | 0.0352296 | 0.000240296 |
+---------+------------+-----------+-------------+
|    5500 |  0.963575  | 0.0351863 | 0.000235935 |
+---------+------------+-----------+-------------+
|    5600 |  0.963619  | 0.035144  | 0.000231729 |
+---------+------------+-----------+-------------+
|    5700 |  0.963662  | 0.0351026 | 0.000227671 |
+---------+------------+-----------+-------------+
|    5800 |  0.963704  | 0.0350622 | 0.000223752 |
+---------+------------+-----------+-------------+
|    5900 |  0.963744  | 0.0350227 | 0.000219966 |
+---------+------------+-----------+-------------+
|    6000 |  0.963785  | 0.034984  | 0.000216306 |
+---------+------------+-----------+-------------+
|    6100 |  0.963824  | 0.0349461 | 0.000212766 |
+---------+------------+-----------+-------------+
|    6200 |  0.963862  | 0.0349091 | 0.00020934  |
+---------+------------+-----------+-------------+
|    6300 |  0.9639    | 0.0348728 | 0.000206022 |
+---------+------------+-----------+-------------+
|    6400 |  0.963936  | 0.0348372 | 0.000202808 |
+---------+------------+-----------+-------------+
|    6500 |  0.963973  | 0.0348023 | 0.000199693 |
+---------+------------+-----------+-------------+
|    6600 |  0.964008  | 0.0347682 | 0.000196672 |
+---------+------------+-----------+-------------+
|    6700 |  0.964043  | 0.0347347 | 0.000193741 |
+---------+------------+-----------+-------------+
|    6800 |  0.964077  | 0.0347018 | 0.000190896 |
+---------+------------+-----------+-------------+
|    6900 |  0.96411   | 0.0346695 | 0.000188133 |
+---------+------------+-----------+-------------+
|    7000 |  0.964143  | 0.0346379 | 0.000185449 |
+---------+------------+-----------+-------------+
|    7100 |  0.964175  | 0.0346068 | 0.000182841 |
+---------+------------+-----------+-------------+
|    7200 |  0.964207  | 0.0345763 | 0.000180305 |
+---------+------------+-----------+-------------+
|    7300 |  0.964238  | 0.0345463 | 0.000177839 |
+---------+------------+-----------+-------------+
|    7400 |  0.964268  | 0.0345168 | 0.000175439 |
+---------+------------+-----------+-------------+
|    7500 |  0.964298  | 0.0344879 | 0.000173103 |
+---------+------------+-----------+-------------+
|    7600 |  0.964328  | 0.0344594 | 0.000170828 |
+---------+------------+-----------+-------------+
|    7700 |  0.964356  | 0.0344314 | 0.000168612 |
+---------+------------+-----------+-------------+
|    7800 |  0.964385  | 0.0344039 | 0.000166453 |
+---------+------------+-----------+-------------+
|    7900 |  0.964413  | 0.0343768 | 0.000164349 |
+---------+------------+-----------+-------------+
|    8000 |  0.964441  | 0.0343502 | 0.000162297 |
+---------+------------+-----------+-------------+
|    8100 |  0.964468  | 0.034324  | 0.000160296 |
+---------+------------+-----------+-------------+
|    8200 |  0.964494  | 0.0342982 | 0.000158343 |
+---------+------------+-----------+-------------+
|    8300 |  0.964521  | 0.0342728 | 0.000156438 |
+---------+------------+-----------+-------------+
|    8400 |  0.964547  | 0.0342478 | 0.000154578 |
+---------+------------+-----------+-------------+
|    8500 |  0.964572  | 0.0342232 | 0.000152761 |
+---------+------------+-----------+-------------+
|    8600 |  0.964597  | 0.0341989 | 0.000150987 |
+---------+------------+-----------+-------------+
|    8700 |  0.964622  | 0.034175  | 0.000149254 |
+---------+------------+-----------+-------------+
|    8800 |  0.964646  | 0.0341515 | 0.00014756  |
+---------+------------+-----------+-------------+
|    8900 |  0.96467   | 0.0341283 | 0.000145903 |
+---------+------------+-----------+-------------+
|    9000 |  0.964694  | 0.0341054 | 0.000144284 |
+---------+------------+-----------+-------------+
|    9100 |  0.964717  | 0.0340829 | 0.0001427   |
+---------+------------+-----------+-------------+
|    9200 |  0.96474   | 0.0340606 | 0.000141151 |
+---------+------------+-----------+-------------+
|    9300 |  0.964763  | 0.0340387 | 0.000139635 |
+---------+------------+-----------+-------------+
|    9400 |  0.964785  | 0.0340171 | 0.000138151 |
+---------+------------+-----------+-------------+
|    9500 |  0.964807  | 0.0339958 | 0.000136698 |
+---------+------------+-----------+-------------+
|    9600 |  0.964829  | 0.0339747 | 0.000135276 |
+---------+------------+-----------+-------------+
|    9700 |  0.964851  | 0.033954  | 0.000133883 |
+---------+------------+-----------+-------------+
|    9800 |  0.964872  | 0.0339335 | 0.000132518 |
+---------+------------+-----------+-------------+
|    9900 |  0.964893  | 0.0339132 | 0.000131181 |
+---------+------------+-----------+-------------+
|   10000 |  0.964914  | 0.0338931 | 0.00012987  |
+---------+------------+-----------+-------------+

Abbreviations:
R^2: Coefficient of determination(Accuracy)
lR: learning rate
