Training results

Loss and optimizer used: RMSE, SGD 

+---------+------------+----------+-------------+
|   Epoch |        R^2 |     Loss |          lR |
+=========+============+==========+=============+
|       0 | -0.0787145 | 0.716155 | 0.5         |
+---------+------------+----------+-------------+
|     100 |  0.963793  | 0.120188 | 0.0454545   |
+---------+------------+----------+-------------+
|     200 |  0.968312  | 0.114594 | 0.0238095   |
+---------+------------+----------+-------------+
|     300 |  0.968818  | 0.113527 | 0.016129    |
+---------+------------+----------+-------------+
|     400 |  0.969445  | 0.112928 | 0.0121951   |
+---------+------------+----------+-------------+
|     500 |  0.96979   | 0.112508 | 0.00980392  |
+---------+------------+----------+-------------+
|     600 |  0.969967  | 0.112228 | 0.00819672  |
+---------+------------+----------+-------------+
|     700 |  0.970003  | 0.112087 | 0.00704225  |
+---------+------------+----------+-------------+
|     800 |  0.97001   | 0.11192  | 0.00617284  |
+---------+------------+----------+-------------+
|     900 |  0.969975  | 0.111815 | 0.00549451  |
+---------+------------+----------+-------------+
|    1000 |  0.96993   | 0.111716 | 0.0049505   |
+---------+------------+----------+-------------+
|    1100 |  0.969887  | 0.111631 | 0.0045045   |
+---------+------------+----------+-------------+
|    1200 |  0.969846  | 0.111595 | 0.00413223  |
+---------+------------+----------+-------------+
|    1300 |  0.969802  | 0.111555 | 0.00381679  |
+---------+------------+----------+-------------+
|    1400 |  0.969781  | 0.111518 | 0.0035461   |
+---------+------------+----------+-------------+
|    1500 |  0.969753  | 0.111496 | 0.00331126  |
+---------+------------+----------+-------------+
|    1600 |  0.969714  | 0.111479 | 0.00310559  |
+---------+------------+----------+-------------+
|    1700 |  0.969691  | 0.111467 | 0.00292398  |
+---------+------------+----------+-------------+
|    1800 |  0.969643  | 0.111448 | 0.00276243  |
+---------+------------+----------+-------------+
|    1900 |  0.969617  | 0.111455 | 0.0026178   |
+---------+------------+----------+-------------+
|    2000 |  0.969576  | 0.111427 | 0.00248756  |
+---------+------------+----------+-------------+
|    2100 |  0.969548  | 0.111416 | 0.00236967  |
+---------+------------+----------+-------------+
|    2200 |  0.969529  | 0.111412 | 0.00226244  |
+---------+------------+----------+-------------+
|    2300 |  0.969506  | 0.111403 | 0.0021645   |
+---------+------------+----------+-------------+
|    2400 |  0.969494  | 0.1114   | 0.00207469  |
+---------+------------+----------+-------------+
|    2500 |  0.969476  | 0.111385 | 0.00199203  |
+---------+------------+----------+-------------+
|    2600 |  0.969464  | 0.111379 | 0.00191571  |
+---------+------------+----------+-------------+
|    2700 |  0.969456  | 0.111372 | 0.00184502  |
+---------+------------+----------+-------------+
|    2800 |  0.969447  | 0.11137  | 0.00177936  |
+---------+------------+----------+-------------+
|    2900 |  0.969439  | 0.111361 | 0.00171821  |
+---------+------------+----------+-------------+
|    3000 |  0.969426  | 0.111358 | 0.00166113  |
+---------+------------+----------+-------------+
|    3100 |  0.969417  | 0.111352 | 0.00160772  |
+---------+------------+----------+-------------+
|    3200 |  0.969408  | 0.111347 | 0.00155763  |
+---------+------------+----------+-------------+
|    3300 |  0.969403  | 0.111344 | 0.00151057  |
+---------+------------+----------+-------------+
|    3400 |  0.969394  | 0.11134  | 0.00146628  |
+---------+------------+----------+-------------+
|    3500 |  0.969389  | 0.111337 | 0.0014245   |
+---------+------------+----------+-------------+
|    3600 |  0.96938   | 0.111332 | 0.00138504  |
+---------+------------+----------+-------------+
|    3700 |  0.969384  | 0.111339 | 0.00134771  |
+---------+------------+----------+-------------+
|    3800 |  0.969374  | 0.111325 | 0.00131234  |
+---------+------------+----------+-------------+
|    3900 |  0.969373  | 0.111322 | 0.00127877  |
+---------+------------+----------+-------------+
|    4000 |  0.969372  | 0.11132  | 0.00124688  |
+---------+------------+----------+-------------+
|    4100 |  0.969374  | 0.111317 | 0.00121655  |
+---------+------------+----------+-------------+
|    4200 |  0.969374  | 0.111313 | 0.00118765  |
+---------+------------+----------+-------------+
|    4300 |  0.969374  | 0.111312 | 0.00116009  |
+---------+------------+----------+-------------+
|    4400 |  0.969373  | 0.111309 | 0.00113379  |
+---------+------------+----------+-------------+
|    4500 |  0.969374  | 0.111306 | 0.00110865  |
+---------+------------+----------+-------------+
|    4600 |  0.969374  | 0.111303 | 0.0010846   |
+---------+------------+----------+-------------+
|    4700 |  0.969373  | 0.111303 | 0.00106157  |
+---------+------------+----------+-------------+
|    4800 |  0.969375  | 0.111299 | 0.0010395   |
+---------+------------+----------+-------------+
|    4900 |  0.969374  | 0.111297 | 0.00101833  |
+---------+------------+----------+-------------+
|    5000 |  0.969374  | 0.111294 | 0.000998004 |
+---------+------------+----------+-------------+
|    5100 |  0.969376  | 0.111293 | 0.000978474 |
+---------+------------+----------+-------------+
|    5200 |  0.969375  | 0.11129  | 0.000959693 |
+---------+------------+----------+-------------+
|    5300 |  0.969379  | 0.111295 | 0.00094162  |
+---------+------------+----------+-------------+
|    5400 |  0.969378  | 0.111292 | 0.000924214 |
+---------+------------+----------+-------------+
|    5500 |  0.96938   | 0.111289 | 0.000907441 |
+---------+------------+----------+-------------+
|    5600 |  0.969375  | 0.111284 | 0.000891266 |
+---------+------------+----------+-------------+
|    5700 |  0.969373  | 0.11128  | 0.000875657 |
+---------+------------+----------+-------------+
|    5800 |  0.969375  | 0.111278 | 0.000860585 |
+---------+------------+----------+-------------+
|    5900 |  0.969371  | 0.111279 | 0.000846024 |
+---------+------------+----------+-------------+
|    6000 |  0.969373  | 0.111275 | 0.000831947 |
+---------+------------+----------+-------------+
|    6100 |  0.969372  | 0.111273 | 0.000818331 |
+---------+------------+----------+-------------+
|    6200 |  0.969372  | 0.111271 | 0.000805153 |
+---------+------------+----------+-------------+
|    6300 |  0.969372  | 0.11127  | 0.000792393 |
+---------+------------+----------+-------------+
|    6400 |  0.969371  | 0.111268 | 0.000780031 |
+---------+------------+----------+-------------+
|    6500 |  0.96937   | 0.111266 | 0.000768049 |
+---------+------------+----------+-------------+
|    6600 |  0.969369  | 0.111265 | 0.00075643  |
+---------+------------+----------+-------------+
|    6700 |  0.969371  | 0.111263 | 0.000745156 |
+---------+------------+----------+-------------+
|    6800 |  0.969367  | 0.111263 | 0.000734214 |
+---------+------------+----------+-------------+
|    6900 |  0.969369  | 0.11126  | 0.000723589 |
+---------+------------+----------+-------------+
|    7000 |  0.96937   | 0.111258 | 0.000713267 |
+---------+------------+----------+-------------+
|    7100 |  0.969368  | 0.111258 | 0.000703235 |
+---------+------------+----------+-------------+
|    7200 |  0.969368  | 0.111255 | 0.000693481 |
+---------+------------+----------+-------------+
|    7300 |  0.969366  | 0.111256 | 0.000683995 |
+---------+------------+----------+-------------+
|    7400 |  0.969366  | 0.111253 | 0.000674764 |
+---------+------------+----------+-------------+
|    7500 |  0.969367  | 0.111251 | 0.000665779 |
+---------+------------+----------+-------------+
|    7600 |  0.969365  | 0.11125  | 0.00065703  |
+---------+------------+----------+-------------+
|    7700 |  0.969365  | 0.111248 | 0.000648508 |
+---------+------------+----------+-------------+
|    7800 |  0.969364  | 0.111247 | 0.000640205 |
+---------+------------+----------+-------------+
|    7900 |  0.969362  | 0.111245 | 0.000632111 |
+---------+------------+----------+-------------+
|    8000 |  0.969363  | 0.111244 | 0.00062422  |
+---------+------------+----------+-------------+
|    8100 |  0.969362  | 0.111243 | 0.000616523 |
+---------+------------+----------+-------------+
|    8200 |  0.969362  | 0.111242 | 0.000609013 |
+---------+------------+----------+-------------+
|    8300 |  0.969362  | 0.111241 | 0.000601685 |
+---------+------------+----------+-------------+
|    8400 |  0.969361  | 0.111239 | 0.00059453  |
+---------+------------+----------+-------------+
|    8500 |  0.969359  | 0.111238 | 0.000587544 |
+---------+------------+----------+-------------+
|    8600 |  0.96936   | 0.111238 | 0.00058072  |
+---------+------------+----------+-------------+
|    8700 |  0.969362  | 0.111236 | 0.000574053 |
+---------+------------+----------+-------------+
|    8800 |  0.969367  | 0.111237 | 0.000567537 |
+---------+------------+----------+-------------+
|    8900 |  0.969365  | 0.111234 | 0.000561167 |
+---------+------------+----------+-------------+
|    9000 |  0.969364  | 0.111234 | 0.000554939 |
+---------+------------+----------+-------------+
|    9100 |  0.969368  | 0.111232 | 0.000548847 |
+---------+------------+----------+-------------+
|    9200 |  0.969369  | 0.111231 | 0.000542888 |
+---------+------------+----------+-------------+
|    9300 |  0.969371  | 0.11123  | 0.000537057 |
+---------+------------+----------+-------------+
|    9400 |  0.969374  | 0.111229 | 0.00053135  |
+---------+------------+----------+-------------+
|    9500 |  0.969376  | 0.111229 | 0.000525762 |
+---------+------------+----------+-------------+
|    9600 |  0.969379  | 0.111228 | 0.000520291 |
+---------+------------+----------+-------------+
|    9700 |  0.969382  | 0.111227 | 0.000514933 |
+---------+------------+----------+-------------+
|    9800 |  0.969389  | 0.111229 | 0.000509684 |
+---------+------------+----------+-------------+
|    9900 |  0.96939   | 0.111226 | 0.000504541 |
+---------+------------+----------+-------------+
|   10000 |  0.969394  | 0.111225 | 0.0004995   |
+---------+------------+----------+-------------+

Abbreviations:
R^2: Coefficient of determination(Accuracy)
lR: learning rate
