Parameters: Weights and biases (after training)

Loss and optimizer used: MSE, Adam

Dense layer 1: Weights

[[-7.63912042e-02  1.15754598e-01 -3.39150084e-02 -2.80930933e-01
  -3.69601948e-02  4.91979870e-02  1.38093969e-01 -1.15553416e-01
  -5.49699144e-01 -2.39813239e-01]
 [-1.61576088e-02 -2.02751330e-01 -9.95848702e-02 -2.34792621e-01
  -3.71223352e-02 -1.13199313e-01 -1.27058679e-01 -3.47599351e-01
   7.43626838e-02 -6.23380960e-02]
 [-1.83082625e-02 -2.26081727e-01 -8.87920583e-02  3.12541083e-02
  -6.40211022e-02 -9.25430257e-02  8.48853561e-02  1.13458116e-01
   5.49105690e-02  7.26230703e-04]
 [-1.57160769e-01  2.60823328e-01 -2.22379701e-01 -4.35887591e-01
  -3.40462000e-01 -1.18998542e-01  4.03785011e-01 -9.05778319e-02
  -4.47314972e-01  1.66263770e-01]
 [ 7.58191628e-02 -6.84186803e-02  7.06295704e-02 -2.41435764e-01
   2.56150943e-02 -2.73707224e-02 -1.15982533e-01 -1.07570829e-01
   2.01429634e-02 -2.00835760e-02]
 [-2.16349347e-02 -3.08082613e-01 -1.68978610e-01 -2.66918894e-01
  -1.27178536e-01  1.16984784e-01 -9.60332898e-02 -1.10702254e-01
   1.67971040e-01 -1.18416619e-01]
 [ 2.23492722e-01 -1.02846453e-01  8.34426012e-02 -2.74388288e-01
   2.06346497e-01 -5.50364246e-02 -1.19311064e-01 -1.10305473e-01
   2.67130077e-01  3.24651699e-01]
 [ 1.55858052e-01 -7.78246008e-01  1.60433098e-01 -2.66442637e-01
   8.00088288e-02 -1.17719895e-01 -1.08397484e-01 -1.17848025e-01
  -7.44749789e-02  2.64257042e-01]
 [ 8.31843143e-02  7.05566264e-02  3.46384504e-02 -2.66505271e-01
   1.04790098e-01  3.57742200e-01 -8.82239317e-02 -1.13361135e-01
  -2.22821692e-02 -4.73721675e-02]
 [-2.78956082e-01 -5.78258996e-03 -2.34496147e-01  3.87778849e-01
  -9.71490583e-02 -7.58905641e-02  1.00239512e-01  6.26889366e-01
  -3.31486381e-01 -1.85601795e-01]
 [ 1.45363363e-01 -1.16133969e-01  5.01426269e-02 -2.27809280e-01
  -4.14597977e-02 -2.56375233e-01 -7.58491955e-02 -1.14962530e-01
   6.90618153e-02 -1.60329886e-02]
 [ 2.75781989e-02 -2.23399050e-01 -1.05513420e-01  5.43882934e-02
  -8.97498694e-02 -7.21846510e-02  9.19636143e-02  1.13724724e-01
   4.93010073e-02 -5.05328892e-03]
 [ 1.54880293e-01 -1.49820269e-01  1.47931945e-02  3.43462460e-01
  -7.68669611e-02 -2.73071752e-01 -4.28616077e-01 -1.66428874e-01
   6.48608496e-01 -2.99164104e-01]
 [ 3.79616722e-01 -1.54505709e-02  3.20561901e-01 -2.95647595e-01
  -5.53011502e-02  3.48073805e-01 -3.78549135e-01  2.14292170e-01
  -3.69253916e-01  5.80419334e-01]
 [-1.77556339e-01  1.86051026e-02 -5.29233204e-01 -7.69021218e-02
  -2.22249864e-01 -7.45432575e-02 -1.02648196e-01 -7.83622325e-02
  -3.56509624e-01 -3.72626579e-02]
 [-2.89769747e-01 -1.57800724e-01 -8.17562972e-01  1.35168999e-02
  -3.62475047e-01 -4.91667584e-01  1.52749791e-01  8.72517516e-02
   4.67491394e-02 -5.60990239e-01]
 [-1.60001897e-01  6.74071678e-02  5.09459075e-01 -2.00514179e-01
   5.59034925e-01  6.05090788e-01 -8.06998573e-02  5.01658774e-02
  -3.87436470e-01  3.93848960e-01]
 [-9.36437344e-02 -4.27414746e-01  7.79664713e-01  2.27583406e-01
   5.76262433e-01  4.19615246e-01 -1.40319381e-01 -3.54091353e-01
   1.31214897e-01  2.82303172e-01]
 [-1.55326422e-01 -1.24344256e-01  1.20344759e-01 -2.00475768e-01
   1.49125779e-01  9.04094060e-02 -1.54868952e-01  2.25221162e-01
   2.71890060e-01 -2.23276124e-01]
 [-2.44602003e-01 -8.00110422e-02 -2.51404327e-01  1.35821700e-01
  -5.11850980e-01 -5.40421866e-01  3.57994527e-02 -7.53582545e-02
   4.67587607e-01 -1.14108398e-01]
 [ 2.90716879e-01 -1.81302759e-01  1.84323208e-01  3.38631551e-02
   2.76294670e-01  1.53922251e-01 -2.17528140e-01 -1.14197712e-01
  -4.07783790e-01  3.11625650e-01]
 [-3.22853460e-02 -4.58461693e-01  8.76593887e-02  1.43875031e-01
   2.97943643e-01  1.78465688e-01 -2.68977867e-01 -3.20424393e-03
  -2.91399715e-01  8.87948052e-01]
 [ 1.77933755e-01 -3.56246303e-01  7.17089994e-01  2.76381425e-01
   5.45053140e-01  4.06879739e-01 -2.01224626e-01 -5.31951835e-02
   1.36920461e-01 -7.01183755e-01]
 [-1.96960668e-01 -1.00453491e-01 -9.84325502e-01  2.18774402e-01
  -1.93279022e-01 -3.05945805e-02 -2.15661240e-01  6.76968054e-02
   2.09533632e-01 -1.28620662e+00]
 [ 1.23953675e-01 -6.02625419e-02 -5.25142606e-01  1.25605732e-02
   8.75991682e-02  2.03546322e-01 -2.29127542e-01  2.17602971e-02
  -6.49822208e-01  1.45083832e-01]]

Dense layer 1: Biases

[[-0.02577796 -0.1897276  -0.24675263  0.27519624 -0.21834657 -0.34605076
   0.10578641  0.1213872   0.73921817 -0.22927018]]

Dense layer 2: Weights

[[-4.43250352e-140 -3.21844279e-001 -8.22985229e-002 -3.38512636e-001
   9.48813562e-134 -2.28669011e-001 -3.45011025e-001 -5.35396273e-001
  -3.18338064e-001  5.06205974e-002]
 [ 6.44332675e-213  1.47876182e-001 -6.15629361e-001  1.51299515e-001
  -3.63027830e-231  1.69568442e-001  1.55725520e-001  2.22552040e-001
   1.61225785e-001 -4.49195991e-001]
 [ 9.39509989e-165  3.45533143e-001  1.15105449e-001  3.73393908e-001
  -1.06745837e-232  2.83399091e-001  3.75150268e-001 -1.90648187e-002
   3.46325645e-001  4.79627402e-001]
 [-6.35328237e-226  3.73653678e-001 -7.40656807e-001  3.92282947e-001
  -5.80974390e-231  1.90269160e-001  3.60825581e-001  2.59247186e-001
   4.10439002e-001 -5.06133053e-001]
 [-8.72579585e-203 -2.97929885e-001  2.76520084e-001 -3.14856999e-001
  -4.05043346e-167 -2.76406825e-001 -3.10992270e-001 -2.37062209e-001
  -2.94894019e-001  1.71157396e-001]
 [ 1.63857398e-196  3.08641133e-001  3.19853336e-001  2.97018267e-001
   6.21294144e-133  2.79795210e-001  2.86373400e-001  4.18982162e-001
   3.31623385e-001  8.51709673e-002]
 [ 4.89759917e-209  1.90490671e-001 -7.30821963e-001  1.77129317e-001
  -5.03023050e-232  1.97428087e-001  1.81507063e-001  1.93044265e-001
   1.85057029e-001 -1.73086301e-001]
 [-5.83972533e-229  1.03000875e-001 -1.14610518e+000  1.04770557e-001
   2.57294799e-231  1.60436289e-001  1.11648713e-001  3.15556451e-001
   1.00035610e-001 -5.31010312e-001]
 [ 3.75331685e-170 -1.04891613e-001  5.70160504e-001 -1.10262328e-001
  -8.55199519e-231 -1.51865547e-001 -1.01666106e-001 -7.93792149e-002
  -1.04930613e-001  2.47397161e-001]
 [-1.33021086e-142  5.14969906e-002  5.12068881e-001  5.47220470e-002
  -2.92312708e-129 -2.04185030e-002  5.77469543e-002  2.90079122e-001
   5.83609184e-002  2.34586169e-001]]

Dense layer 2: Biases

[[-1.63737638e-18 -5.72550663e-02  3.97784003e-01 -5.96881564e-02
  -3.03425315e-11  2.53431179e-02 -5.44616199e-02 -3.43526055e-02
  -1.04077325e-01  9.00886649e-01]]

Dense layer 3: Weights

[[-0.00161995]
 [-0.32295486]
 [ 0.45375735]
 [-0.32403346]
 [-0.00053538]
 [-0.26278422]
 [-0.3278859 ]
 [-0.41382369]
 [-0.34095267]
 [ 0.36590168]]

Dense layer 3: Biases

[[0.35882564]]
