Training results

Loss and optimizer used: RMSE, Adam

+---------+-------------+-----------+-----------+-------------+-------------+
|   Epoch |         R^2 |   Totloss |      Loss |     Regloss |          lR |
+=========+=============+===========+===========+=============+=============+
|       0 | -0.00111209 | 0.6825    | 0.6825    | 7.88695e-08 | 0.001       |
+---------+-------------+-----------+-----------+-------------+-------------+
|     100 |  0.506866   | 0.417148  | 0.417139  | 8.85931e-06 | 0.000999001 |
+---------+-------------+-----------+-----------+-------------+-------------+
|     200 |  0.865912   | 0.20999   | 0.209973  | 1.66301e-05 | 0.000998004 |
+---------+-------------+-----------+-----------+-------------+-------------+
|     300 |  0.957372   | 0.114435  | 0.114413  | 2.20441e-05 | 0.000997009 |
+---------+-------------+-----------+-----------+-------------+-------------+
|     400 |  0.967549   | 0.098205  | 0.0981815 | 2.35057e-05 | 0.000996016 |
+---------+-------------+-----------+-----------+-------------+-------------+
|     500 |  0.975082   | 0.0859417 | 0.0859166 | 2.50987e-05 | 0.000995025 |
+---------+-------------+-----------+-----------+-------------+-------------+
|     600 |  0.978425   | 0.0781355 | 0.0781094 | 2.6084e-05  | 0.000994036 |
+---------+-------------+-----------+-----------+-------------+-------------+
|     700 |  0.980421   | 0.0730351 | 0.0730082 | 2.68722e-05 | 0.000993049 |
+---------+-------------+-----------+-----------+-------------+-------------+
|     800 |  0.982067   | 0.0695286 | 0.0695011 | 2.74996e-05 | 0.000992063 |
+---------+-------------+-----------+-----------+-------------+-------------+
|     900 |  0.98317    | 0.0668729 | 0.0668449 | 2.79661e-05 | 0.00099108  |
+---------+-------------+-----------+-----------+-------------+-------------+
|    1000 |  0.984277   | 0.0645869 | 0.0645585 | 2.84421e-05 | 0.000990099 |
+---------+-------------+-----------+-----------+-------------+-------------+
|    1100 |  0.984927   | 0.0627304 | 0.0627016 | 2.87631e-05 | 0.00098912  |
+---------+-------------+-----------+-----------+-------------+-------------+
|    1200 |  0.985539   | 0.0614217 | 0.0613927 | 2.89497e-05 | 0.000988142 |
+---------+-------------+-----------+-----------+-------------+-------------+
|    1300 |  0.986238   | 0.0599921 | 0.0599629 | 2.91998e-05 | 0.000987167 |
+---------+-------------+-----------+-----------+-------------+-------------+
|    1400 |  0.987136   | 0.0583402 | 0.0583107 | 2.94884e-05 | 0.000986193 |
+---------+-------------+-----------+-----------+-------------+-------------+
|    1500 |  0.987967   | 0.0564864 | 0.0564566 | 2.98098e-05 | 0.000985222 |
+---------+-------------+-----------+-----------+-------------+-------------+
|    1600 |  0.988707   | 0.0554967 | 0.0554666 | 3.00888e-05 | 0.000984252 |
+---------+-------------+-----------+-----------+-------------+-------------+
|    1700 |  0.989359   | 0.0543888 | 0.0543584 | 3.04246e-05 | 0.000983284 |
+---------+-------------+-----------+-----------+-------------+-------------+
|    1800 |  0.990034   | 0.0529991 | 0.0529683 | 3.08268e-05 | 0.000982318 |
+---------+-------------+-----------+-----------+-------------+-------------+
|    1900 |  0.99064    | 0.05157   | 0.0515388 | 3.11638e-05 | 0.000981354 |
+---------+-------------+-----------+-----------+-------------+-------------+
|    2000 |  0.991201   | 0.0502881 | 0.0502566 | 3.14392e-05 | 0.000980392 |
+---------+-------------+-----------+-----------+-------------+-------------+
|    2100 |  0.991538   | 0.0491601 | 0.0491284 | 3.1675e-05  | 0.000979432 |
+---------+-------------+-----------+-----------+-------------+-------------+
|    2200 |  0.991746   | 0.048886  | 0.0488542 | 3.18194e-05 | 0.000978474 |
+---------+-------------+-----------+-----------+-------------+-------------+
|    2300 |  0.99224    | 0.0476259 | 0.047594  | 3.19312e-05 | 0.000977517 |
+---------+-------------+-----------+-----------+-------------+-------------+
|    2400 |  0.992543   | 0.0468512 | 0.0468192 | 3.20765e-05 | 0.000976562 |
+---------+-------------+-----------+-----------+-------------+-------------+
|    2500 |  0.992699   | 0.0463653 | 0.0463331 | 3.22151e-05 | 0.00097561  |
+---------+-------------+-----------+-----------+-------------+-------------+
|    2600 |  0.992803   | 0.0457354 | 0.045703  | 3.23906e-05 | 0.000974659 |
+---------+-------------+-----------+-----------+-------------+-------------+
|    2700 |  0.992907   | 0.0455167 | 0.0454841 | 3.25731e-05 | 0.00097371  |
+---------+-------------+-----------+-----------+-------------+-------------+
|    2800 |  0.993061   | 0.0448229 | 0.0447902 | 3.26981e-05 | 0.000972763 |
+---------+-------------+-----------+-----------+-------------+-------------+
|    2900 |  0.993189   | 0.0444093 | 0.0443765 | 3.28396e-05 | 0.000971817 |
+---------+-------------+-----------+-----------+-------------+-------------+
|    3000 |  0.993247   | 0.0440309 | 0.0439979 | 3.30002e-05 | 0.000970874 |
+---------+-------------+-----------+-----------+-------------+-------------+
|    3100 |  0.993347   | 0.0436    | 0.0435668 | 3.32042e-05 | 0.000969932 |
+---------+-------------+-----------+-----------+-------------+-------------+
|    3200 |  0.993477   | 0.0431675 | 0.0431341 | 3.34137e-05 | 0.000968992 |
+---------+-------------+-----------+-----------+-------------+-------------+
|    3300 |  0.993535   | 0.0429735 | 0.0429399 | 3.36152e-05 | 0.000968054 |
+---------+-------------+-----------+-----------+-------------+-------------+
|    3400 |  0.993696   | 0.0429541 | 0.0429203 | 3.37961e-05 | 0.000967118 |
+---------+-------------+-----------+-----------+-------------+-------------+
|    3500 |  0.993738   | 0.0425366 | 0.0425025 | 3.40111e-05 | 0.000966184 |
+---------+-------------+-----------+-----------+-------------+-------------+
|    3600 |  0.993826   | 0.0420708 | 0.0420365 | 3.42275e-05 | 0.000965251 |
+---------+-------------+-----------+-----------+-------------+-------------+
|    3700 |  0.993894   | 0.0418787 | 0.0418443 | 3.44182e-05 | 0.00096432  |
+---------+-------------+-----------+-----------+-------------+-------------+
|    3800 |  0.993956   | 0.0416436 | 0.0416091 | 3.45154e-05 | 0.000963391 |
+---------+-------------+-----------+-----------+-------------+-------------+
|    3900 |  0.993957   | 0.0411866 | 0.041152  | 3.45901e-05 | 0.000962464 |
+---------+-------------+-----------+-----------+-------------+-------------+
|    4000 |  0.993978   | 0.0411522 | 0.0411176 | 3.4681e-05  | 0.000961538 |
+---------+-------------+-----------+-----------+-------------+-------------+
|    4100 |  0.99403    | 0.0409739 | 0.0409391 | 3.47704e-05 | 0.000960615 |
+---------+-------------+-----------+-----------+-------------+-------------+
|    4200 |  0.994043   | 0.0409233 | 0.0408885 | 3.48525e-05 | 0.000959693 |
+---------+-------------+-----------+-----------+-------------+-------------+
|    4300 |  0.994086   | 0.0407507 | 0.0407158 | 3.49439e-05 | 0.000958773 |
+---------+-------------+-----------+-----------+-------------+-------------+
|    4400 |  0.994088   | 0.0408322 | 0.0407972 | 3.50177e-05 | 0.000957854 |
+---------+-------------+-----------+-----------+-------------+-------------+
|    4500 |  0.994181   | 0.0404162 | 0.040381  | 3.51441e-05 | 0.000956938 |
+---------+-------------+-----------+-----------+-------------+-------------+
|    4600 |  0.994399   | 0.0398571 | 0.0398218 | 3.5286e-05  | 0.000956023 |
+---------+-------------+-----------+-----------+-------------+-------------+
|    4700 |  0.994551   | 0.0395833 | 0.0395479 | 3.5418e-05  | 0.00095511  |
+---------+-------------+-----------+-----------+-------------+-------------+
|    4800 |  0.994644   | 0.0391146 | 0.039079  | 3.5549e-05  | 0.000954198 |
+---------+-------------+-----------+-----------+-------------+-------------+
|    4900 |  0.99472    | 0.0390453 | 0.0390096 | 3.5645e-05  | 0.000953289 |
+---------+-------------+-----------+-----------+-------------+-------------+
|    5000 |  0.994776   | 0.0388516 | 0.0388159 | 3.57366e-05 | 0.000952381 |
+---------+-------------+-----------+-----------+-------------+-------------+
|    5100 |  0.994824   | 0.0386198 | 0.0385839 | 3.58315e-05 | 0.000951475 |
+---------+-------------+-----------+-----------+-------------+-------------+
|    5200 |  0.994855   | 0.0385721 | 0.0385361 | 3.59103e-05 | 0.00095057  |
+---------+-------------+-----------+-----------+-------------+-------------+
|    5300 |  0.994891   | 0.0384339 | 0.0383979 | 3.5997e-05  | 0.000949668 |
+---------+-------------+-----------+-----------+-------------+-------------+
|    5400 |  0.994932   | 0.0383078 | 0.0382717 | 3.6077e-05  | 0.000948767 |
+---------+-------------+-----------+-----------+-------------+-------------+
|    5500 |  0.994934   | 0.038316  | 0.0382799 | 3.61257e-05 | 0.000947867 |
+---------+-------------+-----------+-----------+-------------+-------------+
|    5600 |  0.994949   | 0.038374  | 0.0383378 | 3.6201e-05  | 0.00094697  |
+---------+-------------+-----------+-----------+-------------+-------------+
|    5700 |  0.994994   | 0.0380104 | 0.0379742 | 3.6275e-05  | 0.000946074 |
+---------+-------------+-----------+-----------+-------------+-------------+
|    5800 |  0.995012   | 0.0379048 | 0.0378684 | 3.63507e-05 | 0.00094518  |
+---------+-------------+-----------+-----------+-------------+-------------+
|    5900 |  0.995058   | 0.0379054 | 0.037869  | 3.6419e-05  | 0.000944287 |
+---------+-------------+-----------+-----------+-------------+-------------+
|    6000 |  0.995065   | 0.0379138 | 0.0378773 | 3.64979e-05 | 0.000943396 |
+---------+-------------+-----------+-----------+-------------+-------------+
|    6100 |  0.995069   | 0.0378667 | 0.0378302 | 3.65557e-05 | 0.000942507 |
+---------+-------------+-----------+-----------+-------------+-------------+
|    6200 |  0.995107   | 0.0381259 | 0.0380893 | 3.66328e-05 | 0.00094162  |
+---------+-------------+-----------+-----------+-------------+-------------+
|    6300 |  0.995147   | 0.0377047 | 0.037668  | 3.66693e-05 | 0.000940734 |
+---------+-------------+-----------+-----------+-------------+-------------+
|    6400 |  0.995157   | 0.03758   | 0.0375433 | 3.67206e-05 | 0.00093985  |
+---------+-------------+-----------+-----------+-------------+-------------+
|    6500 |  0.995162   | 0.0375371 | 0.0375004 | 3.67622e-05 | 0.000938967 |
+---------+-------------+-----------+-----------+-------------+-------------+
|    6600 |  0.995228   | 0.0376289 | 0.0375921 | 3.68044e-05 | 0.000938086 |
+---------+-------------+-----------+-----------+-------------+-------------+
|    6700 |  0.99522    | 0.0373047 | 0.0372679 | 3.6863e-05  | 0.000937207 |
+---------+-------------+-----------+-----------+-------------+-------------+
|    6800 |  0.995284   | 0.037171  | 0.037134  | 3.69424e-05 | 0.00093633  |
+---------+-------------+-----------+-----------+-------------+-------------+
|    6900 |  0.995335   | 0.0369884 | 0.0369514 | 3.70093e-05 | 0.000935454 |
+---------+-------------+-----------+-----------+-------------+-------------+
|    7000 |  0.99536    | 0.0370759 | 0.0370388 | 3.70941e-05 | 0.000934579 |
+---------+-------------+-----------+-----------+-------------+-------------+
|    7100 |  0.995378   | 0.0369427 | 0.0369055 | 3.71828e-05 | 0.000933707 |
+---------+-------------+-----------+-----------+-------------+-------------+
|    7200 |  0.995389   | 0.0365593 | 0.036522  | 3.72385e-05 | 0.000932836 |
+---------+-------------+-----------+-----------+-------------+-------------+
|    7300 |  0.995395   | 0.0367348 | 0.0366975 | 3.72831e-05 | 0.000931966 |
+---------+-------------+-----------+-----------+-------------+-------------+
|    7400 |  0.995436   | 0.0365666 | 0.0365293 | 3.73497e-05 | 0.000931099 |
+---------+-------------+-----------+-----------+-------------+-------------+
|    7500 |  0.995456   | 0.0364825 | 0.0364451 | 3.7386e-05  | 0.000930233 |
+---------+-------------+-----------+-----------+-------------+-------------+
|    7600 |  0.995436   | 0.0363304 | 0.036293  | 3.74219e-05 | 0.000929368 |
+---------+-------------+-----------+-----------+-------------+-------------+
|    7700 |  0.995467   | 0.0362919 | 0.0362544 | 3.74499e-05 | 0.000928505 |
+---------+-------------+-----------+-----------+-------------+-------------+
|    7800 |  0.995475   | 0.036303  | 0.0362655 | 3.74772e-05 | 0.000927644 |
+---------+-------------+-----------+-----------+-------------+-------------+
|    7900 |  0.995473   | 0.0362041 | 0.0361665 | 3.75097e-05 | 0.000926784 |
+---------+-------------+-----------+-----------+-------------+-------------+
|    8000 |  0.995488   | 0.0360716 | 0.0360341 | 3.75415e-05 | 0.000925926 |
+---------+-------------+-----------+-----------+-------------+-------------+
|    8100 |  0.995483   | 0.0360159 | 0.0359784 | 3.75881e-05 | 0.000925069 |
+---------+-------------+-----------+-----------+-------------+-------------+
|    8200 |  0.995514   | 0.035968  | 0.0359304 | 3.76045e-05 | 0.000924214 |
+---------+-------------+-----------+-----------+-------------+-------------+
|    8300 |  0.995534   | 0.0358674 | 0.0358298 | 3.76167e-05 | 0.000923361 |
+---------+-------------+-----------+-----------+-------------+-------------+
|    8400 |  0.995532   | 0.0360786 | 0.036041  | 3.7628e-05  | 0.000922509 |
+---------+-------------+-----------+-----------+-------------+-------------+
|    8500 |  0.995537   | 0.0359308 | 0.0358931 | 3.76698e-05 | 0.000921659 |
+---------+-------------+-----------+-----------+-------------+-------------+
|    8600 |  0.995552   | 0.0361503 | 0.0361126 | 3.76993e-05 | 0.00092081  |
+---------+-------------+-----------+-----------+-------------+-------------+
|    8700 |  0.995558   | 0.0360158 | 0.035978  | 3.7734e-05  | 0.000919963 |
+---------+-------------+-----------+-----------+-------------+-------------+
|    8800 |  0.995558   | 0.0358096 | 0.0357719 | 3.77642e-05 | 0.000919118 |
+---------+-------------+-----------+-----------+-------------+-------------+
|    8900 |  0.995594   | 0.0354962 | 0.0354584 | 3.78087e-05 | 0.000918274 |
+---------+-------------+-----------+-----------+-------------+-------------+
|    9000 |  0.995608   | 0.0354357 | 0.0353977 | 3.79084e-05 | 0.000917431 |
+---------+-------------+-----------+-----------+-------------+-------------+
|    9100 |  0.995612   | 0.0353421 | 0.0353042 | 3.79783e-05 | 0.00091659  |
+---------+-------------+-----------+-----------+-------------+-------------+
|    9200 |  0.995649   | 0.0351633 | 0.0351252 | 3.80234e-05 | 0.000915751 |
+---------+-------------+-----------+-----------+-------------+-------------+
|    9300 |  0.995661   | 0.0353033 | 0.0352652 | 3.80524e-05 | 0.000914913 |
+---------+-------------+-----------+-----------+-------------+-------------+
|    9400 |  0.995655   | 0.0350612 | 0.0350231 | 3.80754e-05 | 0.000914077 |
+---------+-------------+-----------+-----------+-------------+-------------+
|    9500 |  0.995664   | 0.0349837 | 0.0349456 | 3.80993e-05 | 0.000913242 |
+---------+-------------+-----------+-----------+-------------+-------------+
|    9600 |  0.99569    | 0.0351329 | 0.0350948 | 3.81299e-05 | 0.000912409 |
+---------+-------------+-----------+-----------+-------------+-------------+
|    9700 |  0.995676   | 0.0350865 | 0.0350484 | 3.81546e-05 | 0.000911577 |
+---------+-------------+-----------+-----------+-------------+-------------+
|    9800 |  0.995673   | 0.0349039 | 0.0348657 | 3.818e-05   | 0.000910747 |
+---------+-------------+-----------+-----------+-------------+-------------+
|    9900 |  0.995688   | 0.0350137 | 0.0349755 | 3.82146e-05 | 0.000909918 |
+---------+-------------+-----------+-----------+-------------+-------------+
|   10000 |  0.995682   | 0.0349055 | 0.0348673 | 3.82328e-05 | 0.000909091 |
+---------+-------------+-----------+-----------+-------------+-------------+

Abbreviations:
R^2: Coefficient of determination(Accuracy)
TotLoss: total loss (Loss + Regloss)
Regloss: regularization loss
lR: learning rate
