Training results

Loss and optimizer used: RMSE, SGD

+---------+-------------+-----------+-----------+-------------+------------+
|   Epoch |         R^2 |   Totloss |      Loss |     Regloss |         lR |
+=========+=============+===========+===========+=============+============+
|       0 | -0.00111209 | 0.6825    | 0.6825    | 7.88695e-08 | 0.85       |
+---------+-------------+-----------+-----------+-------------+------------+
|     100 |  0.0577903  | 0.547637  | 0.547636  | 1.33243e-06 | 0.425      |
+---------+-------------+-----------+-----------+-------------+------------+
|     200 |  0.886544   | 0.231202  | 0.231192  | 1.0577e-05  | 0.283333   |
+---------+-------------+-----------+-----------+-------------+------------+
|     300 |  0.858076   | 0.250773  | 0.250758  | 1.46313e-05 | 0.2125     |
+---------+-------------+-----------+-----------+-------------+------------+
|     400 |  0.913206   | 0.197449  | 0.197432  | 1.67243e-05 | 0.17       |
+---------+-------------+-----------+-----------+-------------+------------+
|     500 |  0.943538   | 0.154307  | 0.15429   | 1.78279e-05 | 0.141667   |
+---------+-------------+-----------+-----------+-------------+------------+
|     600 |  0.958303   | 0.135448  | 0.13543   | 1.85281e-05 | 0.121429   |
+---------+-------------+-----------+-----------+-------------+------------+
|     700 |  0.967574   | 0.11676   | 0.116741  | 1.90015e-05 | 0.10625    |
+---------+-------------+-----------+-----------+-------------+------------+
|     800 |  0.972354   | 0.110401  | 0.110382  | 1.94557e-05 | 0.0944444  |
+---------+-------------+-----------+-----------+-------------+------------+
|     900 |  0.981872   | 0.0910431 | 0.0910233 | 1.98538e-05 | 0.085      |
+---------+-------------+-----------+-----------+-------------+------------+
|    1000 |  0.978331   | 0.09789   | 0.0978699 | 2.00556e-05 | 0.0772727  |
+---------+-------------+-----------+-----------+-------------+------------+
|    1100 |  0.98675    | 0.0779968 | 0.0779765 | 2.0306e-05  | 0.0708333  |
+---------+-------------+-----------+-----------+-------------+------------+
|    1200 |  0.98729    | 0.0737632 | 0.0737427 | 2.04438e-05 | 0.0653846  |
+---------+-------------+-----------+-----------+-------------+------------+
|    1300 |  0.98686    | 0.0749314 | 0.0749109 | 2.05662e-05 | 0.0607143  |
+---------+-------------+-----------+-----------+-------------+------------+
|    1400 |  0.98894    | 0.0684126 | 0.0683919 | 2.0698e-05  | 0.0566667  |
+---------+-------------+-----------+-----------+-------------+------------+
|    1500 |  0.989651   | 0.067189  | 0.0671682 | 2.07965e-05 | 0.053125   |
+---------+-------------+-----------+-----------+-------------+------------+
|    1600 |  0.989622   | 0.0672911 | 0.0672702 | 2.08929e-05 | 0.05       |
+---------+-------------+-----------+-----------+-------------+------------+
|    1700 |  0.990416   | 0.064338  | 0.064317  | 2.09922e-05 | 0.0472222  |
+---------+-------------+-----------+-----------+-------------+------------+
|    1800 |  0.990775   | 0.0620552 | 0.0620341 | 2.10825e-05 | 0.0447368  |
+---------+-------------+-----------+-----------+-------------+------------+
|    1900 |  0.99135    | 0.0597412 | 0.05972   | 2.11662e-05 | 0.0425     |
+---------+-------------+-----------+-----------+-------------+------------+
|    2000 |  0.990591   | 0.0624474 | 0.062426  | 2.13081e-05 | 0.0404762  |
+---------+-------------+-----------+-----------+-------------+------------+
|    2100 |  0.992361   | 0.0553938 | 0.0553725 | 2.13191e-05 | 0.0386364  |
+---------+-------------+-----------+-----------+-------------+------------+
|    2200 |  0.992057   | 0.0573529 | 0.0573315 | 2.13707e-05 | 0.0369565  |
+---------+-------------+-----------+-----------+-------------+------------+
|    2300 |  0.992194   | 0.0570785 | 0.0570571 | 2.14455e-05 | 0.0354167  |
+---------+-------------+-----------+-----------+-------------+------------+
|    2400 |  0.992192   | 0.0572464 | 0.0572249 | 2.15056e-05 | 0.034      |
+---------+-------------+-----------+-----------+-------------+------------+
|    2500 |  0.992984   | 0.0532458 | 0.0532242 | 2.16054e-05 | 0.0326923  |
+---------+-------------+-----------+-----------+-------------+------------+
|    2600 |  0.993065   | 0.0528689 | 0.0528473 | 2.1664e-05  | 0.0314815  |
+---------+-------------+-----------+-----------+-------------+------------+
|    2700 |  0.993088   | 0.0525475 | 0.0525258 | 2.17071e-05 | 0.0303571  |
+---------+-------------+-----------+-----------+-------------+------------+
|    2800 |  0.992444   | 0.0562808 | 0.056259  | 2.17203e-05 | 0.0293103  |
+---------+-------------+-----------+-----------+-------------+------------+
|    2900 |  0.992927   | 0.0518521 | 0.0518302 | 2.18351e-05 | 0.0283333  |
+---------+-------------+-----------+-----------+-------------+------------+
|    3000 |  0.993006   | 0.0517829 | 0.051761  | 2.18789e-05 | 0.0274194  |
+---------+-------------+-----------+-----------+-------------+------------+
|    3100 |  0.993076   | 0.0518629 | 0.051841  | 2.19115e-05 | 0.0265625  |
+---------+-------------+-----------+-----------+-------------+------------+
|    3200 |  0.992872   | 0.0547651 | 0.0547432 | 2.19075e-05 | 0.0257576  |
+---------+-------------+-----------+-----------+-------------+------------+
|    3300 |  0.993569   | 0.0508367 | 0.0508147 | 2.19565e-05 | 0.025      |
+---------+-------------+-----------+-----------+-------------+------------+
|    3400 |  0.993688   | 0.0502869 | 0.0502649 | 2.20016e-05 | 0.0242857  |
+---------+-------------+-----------+-----------+-------------+------------+
|    3500 |  0.993363   | 0.0527801 | 0.052758  | 2.20288e-05 | 0.0236111  |
+---------+-------------+-----------+-----------+-------------+------------+
|    3600 |  0.993596   | 0.0493985 | 0.0493764 | 2.21191e-05 | 0.022973   |
+---------+-------------+-----------+-----------+-------------+------------+
|    3700 |  0.993981   | 0.0486568 | 0.0486347 | 2.21426e-05 | 0.0223684  |
+---------+-------------+-----------+-----------+-------------+------------+
|    3800 |  0.993652   | 0.049663  | 0.0496408 | 2.21948e-05 | 0.0217949  |
+---------+-------------+-----------+-----------+-------------+------------+
|    3900 |  0.993689   | 0.0492893 | 0.049267  | 2.22486e-05 | 0.02125    |
+---------+-------------+-----------+-----------+-------------+------------+
|    4000 |  0.994174   | 0.0468491 | 0.0468268 | 2.22719e-05 | 0.0207317  |
+---------+-------------+-----------+-----------+-------------+------------+
|    4100 |  0.994218   | 0.0471503 | 0.047128  | 2.22973e-05 | 0.0202381  |
+---------+-------------+-----------+-----------+-------------+------------+
|    4200 |  0.994352   | 0.0465003 | 0.0464779 | 2.23411e-05 | 0.0197674  |
+---------+-------------+-----------+-----------+-------------+------------+
|    4300 |  0.994223   | 0.0474991 | 0.0474767 | 2.23916e-05 | 0.0193182  |
+---------+-------------+-----------+-----------+-------------+------------+
|    4400 |  0.994527   | 0.0459064 | 0.045884  | 2.24348e-05 | 0.0188889  |
+---------+-------------+-----------+-----------+-------------+------------+
|    4500 |  0.994804   | 0.0449823 | 0.0449599 | 2.24657e-05 | 0.0184783  |
+---------+-------------+-----------+-----------+-------------+------------+
|    4600 |  0.994842   | 0.0446041 | 0.0445816 | 2.24895e-05 | 0.0180851  |
+---------+-------------+-----------+-----------+-------------+------------+
|    4700 |  0.994748   | 0.0450691 | 0.0450466 | 2.25274e-05 | 0.0177083  |
+---------+-------------+-----------+-----------+-------------+------------+
|    4800 |  0.995094   | 0.0435746 | 0.0435521 | 2.25425e-05 | 0.0173469  |
+---------+-------------+-----------+-----------+-------------+------------+
|    4900 |  0.995061   | 0.0453424 | 0.0453199 | 2.2555e-05  | 0.017      |
+---------+-------------+-----------+-----------+-------------+------------+
|    5000 |  0.995019   | 0.0436907 | 0.0436681 | 2.2597e-05  | 0.0166667  |
+---------+-------------+-----------+-----------+-------------+------------+
|    5100 |  0.995111   | 0.0431026 | 0.04308   | 2.26201e-05 | 0.0163462  |
+---------+-------------+-----------+-----------+-------------+------------+
|    5200 |  0.995133   | 0.0430852 | 0.0430625 | 2.26448e-05 | 0.0160377  |
+---------+-------------+-----------+-----------+-------------+------------+
|    5300 |  0.995346   | 0.0421678 | 0.0421452 | 2.26587e-05 | 0.0157407  |
+---------+-------------+-----------+-----------+-------------+------------+
|    5400 |  0.995424   | 0.0419414 | 0.0419187 | 2.26746e-05 | 0.0154545  |
+---------+-------------+-----------+-----------+-------------+------------+
|    5500 |  0.995457   | 0.0417428 | 0.0417201 | 2.26982e-05 | 0.0151786  |
+---------+-------------+-----------+-----------+-------------+------------+
|    5600 |  0.995407   | 0.0438917 | 0.043869  | 2.2704e-05  | 0.0149123  |
+---------+-------------+-----------+-----------+-------------+------------+
|    5700 |  0.995269   | 0.0426068 | 0.042584  | 2.27516e-05 | 0.0146552  |
+---------+-------------+-----------+-----------+-------------+------------+
|    5800 |  0.995394   | 0.0417264 | 0.0417036 | 2.27658e-05 | 0.0144068  |
+---------+-------------+-----------+-----------+-------------+------------+
|    5900 |  0.995566   | 0.0414887 | 0.0414659 | 2.27794e-05 | 0.0141667  |
+---------+-------------+-----------+-----------+-------------+------------+
|    6000 |  0.995578   | 0.0407869 | 0.0407641 | 2.28067e-05 | 0.0139344  |
+---------+-------------+-----------+-----------+-------------+------------+
|    6100 |  0.995391   | 0.041843  | 0.0418202 | 2.28397e-05 | 0.0137097  |
+---------+-------------+-----------+-----------+-------------+------------+
|    6200 |  0.99553    | 0.0424146 | 0.0423917 | 2.28395e-05 | 0.0134921  |
+---------+-------------+-----------+-----------+-------------+------------+
|    6300 |  0.995599   | 0.0415978 | 0.0415749 | 2.28701e-05 | 0.0132812  |
+---------+-------------+-----------+-----------+-------------+------------+
|    6400 |  0.995662   | 0.0414231 | 0.0414002 | 2.28982e-05 | 0.0130769  |
+---------+-------------+-----------+-----------+-------------+------------+
|    6500 |  0.995653   | 0.0407621 | 0.0407392 | 2.29193e-05 | 0.0128788  |
+---------+-------------+-----------+-----------+-------------+------------+
|    6600 |  0.99558    | 0.0410208 | 0.0409978 | 2.29454e-05 | 0.0126866  |
+---------+-------------+-----------+-----------+-------------+------------+
|    6700 |  0.9957     | 0.0401834 | 0.0401604 | 2.2979e-05  | 0.0125     |
+---------+-------------+-----------+-----------+-------------+------------+
|    6800 |  0.995651   | 0.0414764 | 0.0414535 | 2.29871e-05 | 0.0123188  |
+---------+-------------+-----------+-----------+-------------+------------+
|    6900 |  0.99568    | 0.0413398 | 0.0413168 | 2.30084e-05 | 0.0121429  |
+---------+-------------+-----------+-----------+-------------+------------+
|    7000 |  0.99571    | 0.0398208 | 0.0397978 | 2.30314e-05 | 0.0119718  |
+---------+-------------+-----------+-----------+-------------+------------+
|    7100 |  0.99571    | 0.0396006 | 0.0395775 | 2.30519e-05 | 0.0118056  |
+---------+-------------+-----------+-----------+-------------+------------+
|    7200 |  0.995757   | 0.040246  | 0.0402229 | 2.30692e-05 | 0.0116438  |
+---------+-------------+-----------+-----------+-------------+------------+
|    7300 |  0.995754   | 0.039202  | 0.039179  | 2.30905e-05 | 0.0114865  |
+---------+-------------+-----------+-----------+-------------+------------+
|    7400 |  0.995789   | 0.0395062 | 0.0394831 | 2.31092e-05 | 0.0113333  |
+---------+-------------+-----------+-----------+-------------+------------+
|    7500 |  0.995788   | 0.0392795 | 0.0392564 | 2.31237e-05 | 0.0111842  |
+---------+-------------+-----------+-----------+-------------+------------+
|    7600 |  0.995771   | 0.0393422 | 0.0393191 | 2.31437e-05 | 0.011039   |
+---------+-------------+-----------+-----------+-------------+------------+
|    7700 |  0.995718   | 0.0396197 | 0.0395965 | 2.31636e-05 | 0.0108974  |
+---------+-------------+-----------+-----------+-------------+------------+
|    7800 |  0.995813   | 0.0387623 | 0.0387391 | 2.31714e-05 | 0.0107595  |
+---------+-------------+-----------+-----------+-------------+------------+
|    7900 |  0.995791   | 0.039     | 0.0389769 | 2.3194e-05  | 0.010625   |
+---------+-------------+-----------+-----------+-------------+------------+
|    8000 |  0.995747   | 0.039461  | 0.0394378 | 2.32184e-05 | 0.0104938  |
+---------+-------------+-----------+-----------+-------------+------------+
|    8100 |  0.995877   | 0.0388216 | 0.0387984 | 2.32243e-05 | 0.0103659  |
+---------+-------------+-----------+-----------+-------------+------------+
|    8200 |  0.99584    | 0.0399442 | 0.0399209 | 2.32403e-05 | 0.010241   |
+---------+-------------+-----------+-----------+-------------+------------+
|    8300 |  0.995816   | 0.0388887 | 0.0388655 | 2.3278e-05  | 0.010119   |
+---------+-------------+-----------+-----------+-------------+------------+
|    8400 |  0.995915   | 0.038308  | 0.0382847 | 2.32858e-05 | 0.01       |
+---------+-------------+-----------+-----------+-------------+------------+
|    8500 |  0.995756   | 0.0395343 | 0.039511  | 2.33208e-05 | 0.00988372 |
+---------+-------------+-----------+-----------+-------------+------------+
|    8600 |  0.995785   | 0.0392025 | 0.0391791 | 2.33391e-05 | 0.00977011 |
+---------+-------------+-----------+-----------+-------------+------------+
|    8700 |  0.99588    | 0.0382717 | 0.0382483 | 2.33507e-05 | 0.00965909 |
+---------+-------------+-----------+-----------+-------------+------------+
|    8800 |  0.995937   | 0.038095  | 0.0380717 | 2.33595e-05 | 0.00955056 |
+---------+-------------+-----------+-----------+-------------+------------+
|    8900 |  0.99592    | 0.0389593 | 0.0389359 | 2.33755e-05 | 0.00944444 |
+---------+-------------+-----------+-----------+-------------+------------+
|    9000 |  0.995827   | 0.0390258 | 0.0390024 | 2.34136e-05 | 0.00934066 |
+---------+-------------+-----------+-----------+-------------+------------+
|    9100 |  0.995932   | 0.0382768 | 0.0382534 | 2.34121e-05 | 0.00923913 |
+---------+-------------+-----------+-----------+-------------+------------+
|    9200 |  0.995973   | 0.0372697 | 0.0372463 | 2.34302e-05 | 0.00913978 |
+---------+-------------+-----------+-----------+-------------+------------+
|    9300 |  0.995842   | 0.0386057 | 0.0385823 | 2.34542e-05 | 0.00904255 |
+---------+-------------+-----------+-----------+-------------+------------+
|    9400 |  0.995912   | 0.0376422 | 0.0376187 | 2.34657e-05 | 0.00894737 |
+---------+-------------+-----------+-----------+-------------+------------+
|    9500 |  0.99599    | 0.0373709 | 0.0373474 | 2.34675e-05 | 0.00885417 |
+---------+-------------+-----------+-----------+-------------+------------+
|    9600 |  0.995989   | 0.0376706 | 0.0376471 | 2.3486e-05  | 0.00876289 |
+---------+-------------+-----------+-----------+-------------+------------+
|    9700 |  0.995976   | 0.0375948 | 0.0375713 | 2.34986e-05 | 0.00867347 |
+---------+-------------+-----------+-----------+-------------+------------+
|    9800 |  0.995986   | 0.0380003 | 0.0379768 | 2.35185e-05 | 0.00858586 |
+---------+-------------+-----------+-----------+-------------+------------+
|    9900 |  0.996004   | 0.0372459 | 0.0372223 | 2.35325e-05 | 0.0085     |
+---------+-------------+-----------+-----------+-------------+------------+
|   10000 |  0.995904   | 0.0376508 | 0.0376272 | 2.35589e-05 | 0.00841584 |
+---------+-------------+-----------+-----------+-------------+------------+

Abbreviations:
R^2: Coefficient of determination(Accuracy)
TotLoss: total loss (Loss + Regloss)
Regloss: regularization loss
lR: learning rate
