Training results

Loss and optimizer used: MSE, SGD

+---------+-------------+-----------+-----------+-------------+-------------+
|   Epoch |         R^2 |   Totloss |      Loss |     Regloss |          lR |
+=========+=============+===========+===========+=============+=============+
|       0 | -0.00111209 | 0.967069  | 0.967069  | 7.88695e-08 | 0.85        |
+---------+-------------+-----------+-----------+-------------+-------------+
|     100 |  0.712364   | 0.277857  | 0.277855  | 2.72562e-06 | 0.0772727   |
+---------+-------------+-----------+-----------+-------------+-------------+
|     200 |  0.918026   | 0.0791916 | 0.0791865 | 5.16478e-06 | 0.0404762   |
+---------+-------------+-----------+-----------+-------------+-------------+
|     300 |  0.947659   | 0.0505676 | 0.0505616 | 6.06169e-06 | 0.0274194   |
+---------+-------------+-----------+-----------+-------------+-------------+
|     400 |  0.958633   | 0.0399667 | 0.0399602 | 6.4676e-06  | 0.0207317   |
+---------+-------------+-----------+-----------+-------------+-------------+
|     500 |  0.964992   | 0.0338241 | 0.0338173 | 6.77447e-06 | 0.0166667   |
+---------+-------------+-----------+-----------+-------------+-------------+
|     600 |  0.969384   | 0.0295817 | 0.0295747 | 7.0206e-06  | 0.0139344   |
+---------+-------------+-----------+-----------+-------------+-------------+
|     700 |  0.972663   | 0.0264145 | 0.0264072 | 7.22762e-06 | 0.0119718   |
+---------+-------------+-----------+-----------+-------------+-------------+
|     800 |  0.975162   | 0.0240006 | 0.0239932 | 7.40353e-06 | 0.0104938   |
+---------+-------------+-----------+-----------+-------------+-------------+
|     900 |  0.977085   | 0.0221429 | 0.0221354 | 7.55344e-06 | 0.00934066  |
+---------+-------------+-----------+-----------+-------------+-------------+
|    1000 |  0.978585   | 0.0206949 | 0.0206872 | 7.68047e-06 | 0.00841584  |
+---------+-------------+-----------+-----------+-------------+-------------+
|    1100 |  0.979772   | 0.0195477 | 0.0195399 | 7.79e-06    | 0.00765766  |
+---------+-------------+-----------+-----------+-------------+-------------+
|    1200 |  0.980739   | 0.0186143 | 0.0186064 | 7.88494e-06 | 0.00702479  |
+---------+-------------+-----------+-----------+-------------+-------------+
|    1300 |  0.981552   | 0.0178287 | 0.0178207 | 7.96862e-06 | 0.00648855  |
+---------+-------------+-----------+-----------+-------------+-------------+
|    1400 |  0.98221    | 0.0171931 | 0.017185  | 8.04222e-06 | 0.00602837  |
+---------+-------------+-----------+-----------+-------------+-------------+
|    1500 |  0.982748   | 0.0166734 | 0.0166653 | 8.10733e-06 | 0.00562914  |
+---------+-------------+-----------+-----------+-------------+-------------+
|    1600 |  0.983218   | 0.0162198 | 0.0162116 | 8.1657e-06  | 0.0052795   |
+---------+-------------+-----------+-----------+-------------+-------------+
|    1700 |  0.983614   | 0.0158368 | 0.0158286 | 8.21749e-06 | 0.00497076  |
+---------+-------------+-----------+-----------+-------------+-------------+
|    1800 |  0.983948   | 0.0155146 | 0.0155063 | 8.26336e-06 | 0.00469613  |
+---------+-------------+-----------+-----------+-------------+-------------+
|    1900 |  0.984231   | 0.0152409 | 0.0152326 | 8.30422e-06 | 0.00445026  |
+---------+-------------+-----------+-----------+-------------+-------------+
|    2000 |  0.984476   | 0.0150041 | 0.0149957 | 8.34092e-06 | 0.00422886  |
+---------+-------------+-----------+-----------+-------------+-------------+
|    2100 |  0.984692   | 0.0147963 | 0.0147879 | 8.37379e-06 | 0.00402844  |
+---------+-------------+-----------+-----------+-------------+-------------+
|    2200 |  0.984885   | 0.0146096 | 0.0146012 | 8.40324e-06 | 0.00384615  |
+---------+-------------+-----------+-----------+-------------+-------------+
|    2300 |  0.985063   | 0.0144375 | 0.0144291 | 8.43016e-06 | 0.00367965  |
+---------+-------------+-----------+-----------+-------------+-------------+
|    2400 |  0.985223   | 0.0142833 | 0.0142749 | 8.45493e-06 | 0.00352697  |
+---------+-------------+-----------+-----------+-------------+-------------+
|    2500 |  0.985367   | 0.0141442 | 0.0141357 | 8.47778e-06 | 0.00338645  |
+---------+-------------+-----------+-----------+-------------+-------------+
|    2600 |  0.985498   | 0.0140176 | 0.0140091 | 8.49899e-06 | 0.0032567   |
+---------+-------------+-----------+-----------+-------------+-------------+
|    2700 |  0.985626   | 0.0138933 | 0.0138847 | 8.51823e-06 | 0.00313653  |
+---------+-------------+-----------+-----------+-------------+-------------+
|    2800 |  0.985748   | 0.013776  | 0.0137675 | 8.53651e-06 | 0.00302491  |
+---------+-------------+-----------+-----------+-------------+-------------+
|    2900 |  0.985862   | 0.0136657 | 0.0136572 | 8.55407e-06 | 0.00292096  |
+---------+-------------+-----------+-----------+-------------+-------------+
|    3000 |  0.985965   | 0.013566  | 0.0135574 | 8.57079e-06 | 0.00282392  |
+---------+-------------+-----------+-----------+-------------+-------------+
|    3100 |  0.986059   | 0.0134758 | 0.0134672 | 8.5865e-06  | 0.00273312  |
+---------+-------------+-----------+-----------+-------------+-------------+
|    3200 |  0.986145   | 0.0133928 | 0.0133842 | 8.60118e-06 | 0.00264798  |
+---------+-------------+-----------+-----------+-------------+-------------+
|    3300 |  0.986225   | 0.0133155 | 0.0133069 | 8.61485e-06 | 0.00256798  |
+---------+-------------+-----------+-----------+-------------+-------------+
|    3400 |  0.986297   | 0.0132453 | 0.0132367 | 8.62767e-06 | 0.00249267  |
+---------+-------------+-----------+-----------+-------------+-------------+
|    3500 |  0.986364   | 0.0131808 | 0.0131722 | 8.63978e-06 | 0.00242165  |
+---------+-------------+-----------+-----------+-------------+-------------+
|    3600 |  0.986425   | 0.013122  | 0.0131133 | 8.65132e-06 | 0.00235457  |
+---------+-------------+-----------+-----------+-------------+-------------+
|    3700 |  0.986481   | 0.0130677 | 0.013059  | 8.66224e-06 | 0.00229111  |
+---------+-------------+-----------+-----------+-------------+-------------+
|    3800 |  0.986535   | 0.0130158 | 0.0130071 | 8.67255e-06 | 0.00223097  |
+---------+-------------+-----------+-----------+-------------+-------------+
|    3900 |  0.986586   | 0.0129661 | 0.0129575 | 8.68228e-06 | 0.00217391  |
+---------+-------------+-----------+-----------+-------------+-------------+
|    4000 |  0.986635   | 0.0129196 | 0.0129109 | 8.69152e-06 | 0.0021197   |
+---------+-------------+-----------+-----------+-------------+-------------+
|    4100 |  0.98668    | 0.0128757 | 0.012867  | 8.7003e-06  | 0.00206813  |
+---------+-------------+-----------+-----------+-------------+-------------+
|    4200 |  0.986723   | 0.0128344 | 0.0128257 | 8.70866e-06 | 0.002019    |
+---------+-------------+-----------+-----------+-------------+-------------+
|    4300 |  0.986763   | 0.0127956 | 0.0127869 | 8.71663e-06 | 0.00197216  |
+---------+-------------+-----------+-----------+-------------+-------------+
|    4400 |  0.986801   | 0.0127592 | 0.0127504 | 8.72422e-06 | 0.00192744  |
+---------+-------------+-----------+-----------+-------------+-------------+
|    4500 |  0.986838   | 0.0127231 | 0.0127144 | 8.73139e-06 | 0.0018847   |
+---------+-------------+-----------+-----------+-------------+-------------+
|    4600 |  0.986875   | 0.0126879 | 0.0126792 | 8.73832e-06 | 0.00184382  |
+---------+-------------+-----------+-----------+-------------+-------------+
|    4700 |  0.986909   | 0.0126541 | 0.0126454 | 8.74501e-06 | 0.00180467  |
+---------+-------------+-----------+-----------+-------------+-------------+
|    4800 |  0.986946   | 0.0126191 | 0.0126104 | 8.75141e-06 | 0.00176715  |
+---------+-------------+-----------+-----------+-------------+-------------+
|    4900 |  0.986981   | 0.0125853 | 0.0125765 | 8.75769e-06 | 0.00173116  |
+---------+-------------+-----------+-----------+-------------+-------------+
|    5000 |  0.987014   | 0.012553  | 0.0125442 | 8.76389e-06 | 0.00169661  |
+---------+-------------+-----------+-----------+-------------+-------------+
|    5100 |  0.987047   | 0.0125211 | 0.0125123 | 8.77e-06    | 0.00166341  |
+---------+-------------+-----------+-----------+-------------+-------------+
|    5200 |  0.98708    | 0.0124897 | 0.0124809 | 8.77597e-06 | 0.00163148  |
+---------+-------------+-----------+-----------+-------------+-------------+
|    5300 |  0.987112   | 0.0124582 | 0.0124494 | 8.78177e-06 | 0.00160075  |
+---------+-------------+-----------+-----------+-------------+-------------+
|    5400 |  0.987144   | 0.012428  | 0.0124192 | 8.78747e-06 | 0.00157116  |
+---------+-------------+-----------+-----------+-------------+-------------+
|    5500 |  0.987174   | 0.0123989 | 0.0123901 | 8.79301e-06 | 0.00154265  |
+---------+-------------+-----------+-----------+-------------+-------------+
|    5600 |  0.987203   | 0.0123703 | 0.0123615 | 8.79841e-06 | 0.00151515  |
+---------+-------------+-----------+-----------+-------------+-------------+
|    5700 |  0.987233   | 0.0123412 | 0.0123324 | 8.80365e-06 | 0.00148862  |
+---------+-------------+-----------+-----------+-------------+-------------+
|    5800 |  0.987264   | 0.0123117 | 0.0123029 | 8.80882e-06 | 0.00146299  |
+---------+-------------+-----------+-----------+-------------+-------------+
|    5900 |  0.987296   | 0.0122805 | 0.0122717 | 8.81391e-06 | 0.00143824  |
+---------+-------------+-----------+-----------+-------------+-------------+
|    6000 |  0.987327   | 0.0122507 | 0.0122419 | 8.81903e-06 | 0.00141431  |
+---------+-------------+-----------+-----------+-------------+-------------+
|    6100 |  0.987357   | 0.012222  | 0.0122132 | 8.82413e-06 | 0.00139116  |
+---------+-------------+-----------+-----------+-------------+-------------+
|    6200 |  0.987385   | 0.0121949 | 0.0121861 | 8.82921e-06 | 0.00136876  |
+---------+-------------+-----------+-----------+-------------+-------------+
|    6300 |  0.987411   | 0.0121695 | 0.0121606 | 8.83429e-06 | 0.00134707  |
+---------+-------------+-----------+-----------+-------------+-------------+
|    6400 |  0.987437   | 0.0121449 | 0.0121361 | 8.8392e-06  | 0.00132605  |
+---------+-------------+-----------+-----------+-------------+-------------+
|    6500 |  0.987461   | 0.0121212 | 0.0121123 | 8.84395e-06 | 0.00130568  |
+---------+-------------+-----------+-----------+-------------+-------------+
|    6600 |  0.987485   | 0.0120981 | 0.0120892 | 8.84855e-06 | 0.00128593  |
+---------+-------------+-----------+-----------+-------------+-------------+
|    6700 |  0.987509   | 0.0120756 | 0.0120667 | 8.85301e-06 | 0.00126677  |
+---------+-------------+-----------+-----------+-------------+-------------+
|    6800 |  0.987531   | 0.0120538 | 0.0120449 | 8.85736e-06 | 0.00124816  |
+---------+-------------+-----------+-----------+-------------+-------------+
|    6900 |  0.987553   | 0.0120329 | 0.0120241 | 8.86159e-06 | 0.0012301   |
+---------+-------------+-----------+-----------+-------------+-------------+
|    7000 |  0.987574   | 0.0120127 | 0.0120038 | 8.86565e-06 | 0.00121255  |
+---------+-------------+-----------+-----------+-------------+-------------+
|    7100 |  0.987594   | 0.011993  | 0.0119841 | 8.86957e-06 | 0.0011955   |
+---------+-------------+-----------+-----------+-------------+-------------+
|    7200 |  0.987614   | 0.0119738 | 0.0119649 | 8.87336e-06 | 0.00117892  |
+---------+-------------+-----------+-----------+-------------+-------------+
|    7300 |  0.987633   | 0.0119551 | 0.0119463 | 8.87705e-06 | 0.00116279  |
+---------+-------------+-----------+-----------+-------------+-------------+
|    7400 |  0.987652   | 0.0119369 | 0.0119281 | 8.88065e-06 | 0.0011471   |
+---------+-------------+-----------+-----------+-------------+-------------+
|    7500 |  0.98767    | 0.0119191 | 0.0119103 | 8.88415e-06 | 0.00113182  |
+---------+-------------+-----------+-----------+-------------+-------------+
|    7600 |  0.987688   | 0.0119018 | 0.0118929 | 8.88759e-06 | 0.00111695  |
+---------+-------------+-----------+-----------+-------------+-------------+
|    7700 |  0.987706   | 0.0118849 | 0.011876  | 8.89096e-06 | 0.00110246  |
+---------+-------------+-----------+-----------+-------------+-------------+
|    7800 |  0.987723   | 0.0118684 | 0.0118595 | 8.89425e-06 | 0.00108835  |
+---------+-------------+-----------+-----------+-------------+-------------+
|    7900 |  0.98774    | 0.0118524 | 0.0118435 | 8.89745e-06 | 0.00107459  |
+---------+-------------+-----------+-----------+-------------+-------------+
|    8000 |  0.987756   | 0.0118366 | 0.0118277 | 8.9006e-06  | 0.00106117  |
+---------+-------------+-----------+-----------+-------------+-------------+
|    8100 |  0.987772   | 0.0118212 | 0.0118123 | 8.90368e-06 | 0.00104809  |
+---------+-------------+-----------+-----------+-------------+-------------+
|    8200 |  0.987787   | 0.0118062 | 0.0117973 | 8.9067e-06  | 0.00103532  |
+---------+-------------+-----------+-----------+-------------+-------------+
|    8300 |  0.987802   | 0.0117922 | 0.0117832 | 8.90971e-06 | 0.00102286  |
+---------+-------------+-----------+-----------+-------------+-------------+
|    8400 |  0.987816   | 0.0117785 | 0.0117695 | 8.91262e-06 | 0.0010107   |
+---------+-------------+-----------+-----------+-------------+-------------+
|    8500 |  0.98783    | 0.0117649 | 0.011756  | 8.91543e-06 | 0.000998825 |
+---------+-------------+-----------+-----------+-------------+-------------+
|    8600 |  0.987844   | 0.0117515 | 0.0117426 | 8.91815e-06 | 0.000987224 |
+---------+-------------+-----------+-----------+-------------+-------------+
|    8700 |  0.987857   | 0.0117385 | 0.0117296 | 8.92081e-06 | 0.00097589  |
+---------+-------------+-----------+-----------+-------------+-------------+
|    8800 |  0.98787    | 0.0117264 | 0.0117175 | 8.92345e-06 | 0.000964813 |
+---------+-------------+-----------+-----------+-------------+-------------+
|    8900 |  0.987882   | 0.0117152 | 0.0117062 | 8.92602e-06 | 0.000953984 |
+---------+-------------+-----------+-----------+-------------+-------------+
|    9000 |  0.987893   | 0.0117044 | 0.0116955 | 8.92846e-06 | 0.000943396 |
+---------+-------------+-----------+-----------+-------------+-------------+
|    9100 |  0.987904   | 0.0116939 | 0.011685  | 8.9308e-06  | 0.000933041 |
+---------+-------------+-----------+-----------+-------------+-------------+
|    9200 |  0.987914   | 0.0116837 | 0.0116748 | 8.93303e-06 | 0.00092291  |
+---------+-------------+-----------+-----------+-------------+-------------+
|    9300 |  0.987925   | 0.0116737 | 0.0116648 | 8.93519e-06 | 0.000912997 |
+---------+-------------+-----------+-----------+-------------+-------------+
|    9400 |  0.987935   | 0.0116639 | 0.011655  | 8.93728e-06 | 0.000903294 |
+---------+-------------+-----------+-----------+-------------+-------------+
|    9500 |  0.987945   | 0.0116543 | 0.0116454 | 8.93931e-06 | 0.000893796 |
+---------+-------------+-----------+-----------+-------------+-------------+
|    9600 |  0.987955   | 0.0116447 | 0.0116358 | 8.9413e-06  | 0.000884495 |
+---------+-------------+-----------+-----------+-------------+-------------+
|    9700 |  0.987965   | 0.0116349 | 0.011626  | 8.94323e-06 | 0.000875386 |
+---------+-------------+-----------+-----------+-------------+-------------+
|    9800 |  0.987975   | 0.0116253 | 0.0116163 | 8.94508e-06 | 0.000866463 |
+---------+-------------+-----------+-----------+-------------+-------------+
|    9900 |  0.987985   | 0.0116158 | 0.0116068 | 8.94687e-06 | 0.000857719 |
+---------+-------------+-----------+-----------+-------------+-------------+
|   10000 |  0.987994   | 0.0116063 | 0.0115974 | 8.94862e-06 | 0.000849151 |
+---------+-------------+-----------+-----------+-------------+-------------+

Abbreviations:
R^2: Coefficient of determination(Accuracy)
TotLoss: total loss (Loss + Regloss)
Regloss: regularization loss
lR: learning rate
