Training results

Loss and optimizer used: MSE, Adam

+---------+-------------+------------+------------+-------------+-------------+
|   Epoch |         R^2 |    Totloss |       Loss |     Regloss |          lR |
+=========+=============+============+============+=============+=============+
|       0 | -0.00111209 | 0.967069   | 0.967069   | 7.88695e-08 | 0.001       |
+---------+-------------+------------+------------+-------------+-------------+
|     100 |  0.714512   | 0.275792   | 0.27578    | 1.24646e-05 | 0.000999001 |
+---------+-------------+------------+------------+-------------+-------------+
|     200 |  0.911666   | 0.085349   | 0.0853302  | 1.88736e-05 | 0.000998004 |
+---------+-------------+------------+------------+-------------+-------------+
|     300 |  0.947317   | 0.0509129  | 0.0508911  | 2.17903e-05 | 0.000997009 |
+---------+-------------+------------+------------+-------------+-------------+
|     400 |  0.966827   | 0.0320698  | 0.032045   | 2.47345e-05 | 0.000996016 |
+---------+-------------+------------+------------+-------------+-------------+
|     500 |  0.976589   | 0.0226418  | 0.0226147  | 2.70639e-05 | 0.000995025 |
+---------+-------------+------------+------------+-------------+-------------+
|     600 |  0.98179    | 0.0176204  | 0.0175912  | 2.91704e-05 | 0.000994036 |
+---------+-------------+------------+------------+-------------+-------------+
|     700 |  0.985178   | 0.014349   | 0.0143179  | 3.10246e-05 | 0.000993049 |
+---------+-------------+------------+------------+-------------+-------------+
|     800 |  0.987503   | 0.012105   | 0.0120723  | 3.27245e-05 | 0.000992063 |
+---------+-------------+------------+------------+-------------+-------------+
|     900 |  0.989051   | 0.0106109  | 0.0105767  | 3.4159e-05  | 0.00099108  |
+---------+-------------+------------+------------+-------------+-------------+
|    1000 |  0.990278   | 0.00942659 | 0.00939099 | 3.55981e-05 | 0.000990099 |
+---------+-------------+------------+------------+-------------+-------------+
|    1100 |  0.99131    | 0.00843206 | 0.00839488 | 3.71793e-05 | 0.00098912  |
+---------+-------------+------------+------------+-------------+-------------+
|    1200 |  0.992365   | 0.0074137  | 0.00737506 | 3.8637e-05  | 0.000988142 |
+---------+-------------+------------+------------+-------------+-------------+
|    1300 |  0.99297    | 0.0068307  | 0.00679053 | 4.01699e-05 | 0.000987167 |
+---------+-------------+------------+------------+-------------+-------------+
|    1400 |  0.993366   | 0.00644958 | 0.00640813 | 4.1442e-05  | 0.000986193 |
+---------+-------------+------------+------------+-------------+-------------+
|    1500 |  0.993702   | 0.0061265  | 0.00608395 | 4.25585e-05 | 0.000985222 |
+---------+-------------+------------+------------+-------------+-------------+
|    1600 |  0.993974   | 0.00586521 | 0.00582144 | 4.37702e-05 | 0.000984252 |
+---------+-------------+------------+------------+-------------+-------------+
|    1700 |  0.994198   | 0.00564912 | 0.00560424 | 4.48809e-05 | 0.000983284 |
+---------+-------------+------------+------------+-------------+-------------+
|    1800 |  0.994402   | 0.00545346 | 0.00540751 | 4.59565e-05 | 0.000982318 |
+---------+-------------+------------+------------+-------------+-------------+
|    1900 |  0.994579   | 0.00528392 | 0.00523698 | 4.6943e-05  | 0.000981354 |
+---------+-------------+------------+------------+-------------+-------------+
|    2000 |  0.994743   | 0.0051262  | 0.00507825 | 4.79585e-05 | 0.000980392 |
+---------+-------------+------------+------------+-------------+-------------+
|    2100 |  0.994895   | 0.00498004 | 0.00493107 | 4.89704e-05 | 0.000979432 |
+---------+-------------+------------+------------+-------------+-------------+
|    2200 |  0.995032   | 0.0048493  | 0.00479936 | 4.99458e-05 | 0.000978474 |
+---------+-------------+------------+------------+-------------+-------------+
|    2300 |  0.995153   | 0.00473332 | 0.0046825  | 5.08141e-05 | 0.000977517 |
+---------+-------------+------------+------------+-------------+-------------+
|    2400 |  0.995262   | 0.00462886 | 0.00457732 | 5.15346e-05 | 0.000976562 |
+---------+-------------+------------+------------+-------------+-------------+
|    2500 |  0.995379   | 0.00451597 | 0.00446367 | 5.22985e-05 | 0.00097561  |
+---------+-------------+------------+------------+-------------+-------------+
|    2600 |  0.995525   | 0.00437571 | 0.00432273 | 5.29803e-05 | 0.000974659 |
+---------+-------------+------------+------------+-------------+-------------+
|    2700 |  0.995618   | 0.00428654 | 0.00423306 | 5.34793e-05 | 0.00097371  |
+---------+-------------+------------+------------+-------------+-------------+
|    2800 |  0.995708   | 0.00420017 | 0.00414608 | 5.40852e-05 | 0.000972763 |
+---------+-------------+------------+------------+-------------+-------------+
|    2900 |  0.99581    | 0.00410203 | 0.00404736 | 5.46652e-05 | 0.000971817 |
+---------+-------------+------------+------------+-------------+-------------+
|    3000 |  0.996012   | 0.00390814 | 0.00385249 | 5.56446e-05 | 0.000970874 |
+---------+-------------+------------+------------+-------------+-------------+
|    3100 |  0.996173   | 0.00375335 | 0.00369691 | 5.64454e-05 | 0.000969932 |
+---------+-------------+------------+------------+-------------+-------------+
|    3200 |  0.996245   | 0.0036841  | 0.003627   | 5.70996e-05 | 0.000968992 |
+---------+-------------+------------+------------+-------------+-------------+
|    3300 |  0.996301   | 0.00363139 | 0.00357368 | 5.771e-05   | 0.000968054 |
+---------+-------------+------------+------------+-------------+-------------+
|    3400 |  0.996411   | 0.0035251  | 0.00346673 | 5.83626e-05 | 0.000967118 |
+---------+-------------+------------+------------+-------------+-------------+
|    3500 |  0.996517   | 0.00342389 | 0.00336479 | 5.90921e-05 | 0.000966184 |
+---------+-------------+------------+------------+-------------+-------------+
|    3600 |  0.996583   | 0.00336071 | 0.00330092 | 5.97888e-05 | 0.000965251 |
+---------+-------------+------------+------------+-------------+-------------+
|    3700 |  0.996653   | 0.00329376 | 0.00323334 | 6.04173e-05 | 0.00096432  |
+---------+-------------+------------+------------+-------------+-------------+
|    3800 |  0.996719   | 0.00323059 | 0.00316949 | 6.10958e-05 | 0.000963391 |
+---------+-------------+------------+------------+-------------+-------------+
|    3900 |  0.996769   | 0.00318286 | 0.00312111 | 6.17492e-05 | 0.000962464 |
+---------+-------------+------------+------------+-------------+-------------+
|    4000 |  0.996816   | 0.00313806 | 0.00307569 | 6.2374e-05  | 0.000961538 |
+---------+-------------+------------+------------+-------------+-------------+
|    4100 |  0.996856   | 0.00309947 | 0.0030366  | 6.28699e-05 | 0.000960615 |
+---------+-------------+------------+------------+-------------+-------------+
|    4200 |  0.996923   | 0.00303585 | 0.00297255 | 6.33e-05    | 0.000959693 |
+---------+-------------+------------+------------+-------------+-------------+
|    4300 |  0.996975   | 0.00298585 | 0.00292212 | 6.3725e-05  | 0.000958773 |
+---------+-------------+------------+------------+-------------+-------------+
|    4400 |  0.997011   | 0.00295169 | 0.0028875  | 6.41896e-05 | 0.000957854 |
+---------+-------------+------------+------------+-------------+-------------+
|    4500 |  0.997052   | 0.00291258 | 0.00284794 | 6.46391e-05 | 0.000956938 |
+---------+-------------+------------+------------+-------------+-------------+
|    4600 |  0.997083   | 0.00288278 | 0.00281775 | 6.50262e-05 | 0.000956023 |
+---------+-------------+------------+------------+-------------+-------------+
|    4700 |  0.997116   | 0.00285152 | 0.00278608 | 6.54408e-05 | 0.00095511  |
+---------+-------------+------------+------------+-------------+-------------+
|    4800 |  0.997137   | 0.00283181 | 0.00276597 | 6.58408e-05 | 0.000954198 |
+---------+-------------+------------+------------+-------------+-------------+
|    4900 |  0.997162   | 0.00280734 | 0.00274112 | 6.62221e-05 | 0.000953289 |
+---------+-------------+------------+------------+-------------+-------------+
|    5000 |  0.997192   | 0.00277924 | 0.00271267 | 6.65748e-05 | 0.000952381 |
+---------+-------------+------------+------------+-------------+-------------+
|    5100 |  0.997233   | 0.00274025 | 0.00267314 | 6.71146e-05 | 0.000951475 |
+---------+-------------+------------+------------+-------------+-------------+
|    5200 |  0.997253   | 0.00272112 | 0.00265352 | 6.75933e-05 | 0.00095057  |
+---------+-------------+------------+------------+-------------+-------------+
|    5300 |  0.997276   | 0.00269898 | 0.00263093 | 6.80517e-05 | 0.000949668 |
+---------+-------------+------------+------------+-------------+-------------+
|    5400 |  0.997308   | 0.00266945 | 0.00260088 | 6.85757e-05 | 0.000948767 |
+---------+-------------+------------+------------+-------------+-------------+
|    5500 |  0.997321   | 0.00265671 | 0.00258769 | 6.9013e-05  | 0.000947867 |
+---------+-------------+------------+------------+-------------+-------------+
|    5600 |  0.997344   | 0.00263465 | 0.00256526 | 6.93864e-05 | 0.00094697  |
+---------+-------------+------------+------------+-------------+-------------+
|    5700 |  0.997358   | 0.00262217 | 0.0025525  | 6.96667e-05 | 0.000946074 |
+---------+-------------+------------+------------+-------------+-------------+
|    5800 |  0.997384   | 0.00259713 | 0.00252708 | 7.00492e-05 | 0.00094518  |
+---------+-------------+------------+------------+-------------+-------------+
|    5900 |  0.997406   | 0.00257577 | 0.00250533 | 7.04412e-05 | 0.000944287 |
+---------+-------------+------------+------------+-------------+-------------+
|    6000 |  0.99743    | 0.00255383 | 0.00248295 | 7.08731e-05 | 0.000943396 |
+---------+-------------+------------+------------+-------------+-------------+
|    6100 |  0.997447   | 0.002537   | 0.00246578 | 7.12163e-05 | 0.000942507 |
+---------+-------------+------------+------------+-------------+-------------+
|    6200 |  0.997465   | 0.00251994 | 0.00244845 | 7.14931e-05 | 0.00094162  |
+---------+-------------+------------+------------+-------------+-------------+
|    6300 |  0.997473   | 0.00251233 | 0.00244072 | 7.16103e-05 | 0.000940734 |
+---------+-------------+------------+------------+-------------+-------------+
|    6400 |  0.997482   | 0.00250379 | 0.00243209 | 7.17038e-05 | 0.00093985  |
+---------+-------------+------------+------------+-------------+-------------+
|    6500 |  0.997487   | 0.00249926 | 0.00242751 | 7.17549e-05 | 0.000938967 |
+---------+-------------+------------+------------+-------------+-------------+
|    6600 |  0.997504   | 0.00248309 | 0.00241129 | 7.17998e-05 | 0.000938086 |
+---------+-------------+------------+------------+-------------+-------------+
|    6700 |  0.997519   | 0.00246838 | 0.00239651 | 7.18767e-05 | 0.000937207 |
+---------+-------------+------------+------------+-------------+-------------+
|    6800 |  0.997527   | 0.00246123 | 0.00238927 | 7.19561e-05 | 0.00093633  |
+---------+-------------+------------+------------+-------------+-------------+
|    6900 |  0.997538   | 0.00245045 | 0.0023784  | 7.20488e-05 | 0.000935454 |
+---------+-------------+------------+------------+-------------+-------------+
|    7000 |  0.997541   | 0.00244738 | 0.00237531 | 7.20684e-05 | 0.000934579 |
+---------+-------------+------------+------------+-------------+-------------+
|    7100 |  0.997551   | 0.00243764 | 0.00236558 | 7.20533e-05 | 0.000933707 |
+---------+-------------+------------+------------+-------------+-------------+
|    7200 |  0.997555   | 0.0024343  | 0.00236226 | 7.20436e-05 | 0.000932836 |
+---------+-------------+------------+------------+-------------+-------------+
|    7300 |  0.997567   | 0.00242262 | 0.00235046 | 7.21559e-05 | 0.000931966 |
+---------+-------------+------------+------------+-------------+-------------+
|    7400 |  0.997576   | 0.00241358 | 0.00234135 | 7.22284e-05 | 0.000931099 |
+---------+-------------+------------+------------+-------------+-------------+
|    7500 |  0.997581   | 0.00240894 | 0.0023367  | 7.22408e-05 | 0.000930233 |
+---------+-------------+------------+------------+-------------+-------------+
|    7600 |  0.997589   | 0.0024016  | 0.00232936 | 7.22444e-05 | 0.000929368 |
+---------+-------------+------------+------------+-------------+-------------+
|    7700 |  0.997599   | 0.00239179 | 0.00231956 | 7.22384e-05 | 0.000928505 |
+---------+-------------+------------+------------+-------------+-------------+
|    7800 |  0.997599   | 0.00239117 | 0.0023189  | 7.22661e-05 | 0.000927644 |
+---------+-------------+------------+------------+-------------+-------------+
|    7900 |  0.997606   | 0.00238482 | 0.00231241 | 7.2414e-05  | 0.000926784 |
+---------+-------------+------------+------------+-------------+-------------+
|    8000 |  0.997622   | 0.00236953 | 0.00229704 | 7.24854e-05 | 0.000925926 |
+---------+-------------+------------+------------+-------------+-------------+
|    8100 |  0.997641   | 0.00235119 | 0.00227864 | 7.25543e-05 | 0.000925069 |
+---------+-------------+------------+------------+-------------+-------------+
|    8200 |  0.997656   | 0.00233689 | 0.00226427 | 7.26135e-05 | 0.000924214 |
+---------+-------------+------------+------------+-------------+-------------+
|    8300 |  0.997668   | 0.00232561 | 0.00225299 | 7.26198e-05 | 0.000923361 |
+---------+-------------+------------+------------+-------------+-------------+
|    8400 |  0.997679   | 0.00231507 | 0.00224246 | 7.26092e-05 | 0.000922509 |
+---------+-------------+------------+------------+-------------+-------------+
|    8500 |  0.997682   | 0.00231179 | 0.00223922 | 7.25767e-05 | 0.000921659 |
+---------+-------------+------------+------------+-------------+-------------+
|    8600 |  0.997696   | 0.00229803 | 0.00222548 | 7.25511e-05 | 0.00092081  |
+---------+-------------+------------+------------+-------------+-------------+
|    8700 |  0.997707   | 0.0022879  | 0.00221543 | 7.24699e-05 | 0.000919963 |
+---------+-------------+------------+------------+-------------+-------------+
|    8800 |  0.997714   | 0.00228017 | 0.00220778 | 7.23824e-05 | 0.000919118 |
+---------+-------------+------------+------------+-------------+-------------+
|    8900 |  0.997723   | 0.00227173 | 0.00219939 | 7.23365e-05 | 0.000918274 |
+---------+-------------+------------+------------+-------------+-------------+
|    9000 |  0.997729   | 0.00226587 | 0.00219356 | 7.23166e-05 | 0.000917431 |
+---------+-------------+------------+------------+-------------+-------------+
|    9100 |  0.997733   | 0.00226257 | 0.00219026 | 7.23041e-05 | 0.00091659  |
+---------+-------------+------------+------------+-------------+-------------+
|    9200 |  0.997743   | 0.00225219 | 0.00217993 | 7.22562e-05 | 0.000915751 |
+---------+-------------+------------+------------+-------------+-------------+
|    9300 |  0.997747   | 0.00224909 | 0.00217686 | 7.22245e-05 | 0.000914913 |
+---------+-------------+------------+------------+-------------+-------------+
|    9400 |  0.997753   | 0.0022424  | 0.00217024 | 7.21599e-05 | 0.000914077 |
+---------+-------------+------------+------------+-------------+-------------+
|    9500 |  0.997753   | 0.00224247 | 0.0021704  | 7.20716e-05 | 0.000913242 |
+---------+-------------+------------+------------+-------------+-------------+
|    9600 |  0.99776    | 0.00223602 | 0.00216404 | 7.19791e-05 | 0.000912409 |
+---------+-------------+------------+------------+-------------+-------------+
|    9700 |  0.997768   | 0.00222824 | 0.00215633 | 7.19119e-05 | 0.000911577 |
+---------+-------------+------------+------------+-------------+-------------+
|    9800 |  0.997779   | 0.00221774 | 0.00214592 | 7.18224e-05 | 0.000910747 |
+---------+-------------+------------+------------+-------------+-------------+
|    9900 |  0.997782   | 0.00221419 | 0.00214249 | 7.17018e-05 | 0.000909918 |
+---------+-------------+------------+------------+-------------+-------------+
|   10000 |  0.997794   | 0.00220275 | 0.00213118 | 7.15652e-05 | 0.000909091 |
+---------+-------------+------------+------------+-------------+-------------+

Abbreviations:
R^2: Coefficient of determination(Accuracy)
TotLoss: total loss (Loss + Regloss)
Regloss: regularization loss
lR: learning rate
