Training results

Loss and optimizer used: RMSE, RMSP

+---------+-------------+-----------+-----------+-------------+-------------+
|   Epoch |         R^2 |   Totloss |      Loss |     Regloss |          lR |
+=========+=============+===========+===========+=============+=============+
|       0 | -0.00111209 | 0.6825    | 0.6825    | 7.88695e-08 | 0.001       |
+---------+-------------+-----------+-----------+-------------+-------------+
|     100 |  0.497166   | 0.415635  | 0.415626  | 8.53184e-06 | 0.000990099 |
+---------+-------------+-----------+-----------+-------------+-------------+
|     200 |  0.885919   | 0.196774  | 0.196758  | 1.59014e-05 | 0.000980392 |
+---------+-------------+-----------+-----------+-------------+-------------+
|     300 |  0.950088   | 0.123166  | 0.123147  | 1.90689e-05 | 0.000970874 |
+---------+-------------+-----------+-----------+-------------+-------------+
|     400 |  0.962367   | 0.108245  | 0.108226  | 1.98709e-05 | 0.000961538 |
+---------+-------------+-----------+-----------+-------------+-------------+
|     500 |  0.96968    | 0.0988197 | 0.0987993 | 2.04234e-05 | 0.000952381 |
+---------+-------------+-----------+-----------+-------------+-------------+
|     600 |  0.976591   | 0.0910942 | 0.0910733 | 2.09793e-05 | 0.000943396 |
+---------+-------------+-----------+-----------+-------------+-------------+
|     700 |  0.981746   | 0.0815303 | 0.0815086 | 2.16235e-05 | 0.000934579 |
+---------+-------------+-----------+-----------+-------------+-------------+
|     800 |  0.984342   | 0.0727887 | 0.0727664 | 2.22673e-05 | 0.000925926 |
+---------+-------------+-----------+-----------+-------------+-------------+
|     900 |  0.985349   | 0.0714924 | 0.0714697 | 2.26639e-05 | 0.000917431 |
+---------+-------------+-----------+-----------+-------------+-------------+
|    1000 |  0.986454   | 0.0678202 | 0.0677972 | 2.30025e-05 | 0.000909091 |
+---------+-------------+-----------+-----------+-------------+-------------+
|    1100 |  0.986907   | 0.0671787 | 0.0671553 | 2.3341e-05  | 0.000900901 |
+---------+-------------+-----------+-----------+-------------+-------------+
|    1200 |  0.987375   | 0.0649631 | 0.0649394 | 2.36101e-05 | 0.000892857 |
+---------+-------------+-----------+-----------+-------------+-------------+
|    1300 |  0.987676   | 0.0636466 | 0.0636228 | 2.37632e-05 | 0.000884956 |
+---------+-------------+-----------+-----------+-------------+-------------+
|    1400 |  0.988041   | 0.0637171 | 0.0636931 | 2.40191e-05 | 0.000877193 |
+---------+-------------+-----------+-----------+-------------+-------------+
|    1500 |  0.988166   | 0.0634117 | 0.0633875 | 2.4176e-05  | 0.000869565 |
+---------+-------------+-----------+-----------+-------------+-------------+
|    1600 |  0.988863   | 0.0611239 | 0.0610995 | 2.4434e-05  | 0.000862069 |
+---------+-------------+-----------+-----------+-------------+-------------+
|    1700 |  0.98925    | 0.0596708 | 0.0596463 | 2.45465e-05 | 0.000854701 |
+---------+-------------+-----------+-----------+-------------+-------------+
|    1800 |  0.989545   | 0.0600097 | 0.0599849 | 2.47228e-05 | 0.000847458 |
+---------+-------------+-----------+-----------+-------------+-------------+
|    1900 |  0.989977   | 0.0608123 | 0.0607873 | 2.50236e-05 | 0.000840336 |
+---------+-------------+-----------+-----------+-------------+-------------+
|    2000 |  0.990429   | 0.0560971 | 0.056072  | 2.51225e-05 | 0.000833333 |
+---------+-------------+-----------+-----------+-------------+-------------+
|    2100 |  0.990572   | 0.0561743 | 0.0561491 | 2.52735e-05 | 0.000826446 |
+---------+-------------+-----------+-----------+-------------+-------------+
|    2200 |  0.990872   | 0.0554594 | 0.055434  | 2.54393e-05 | 0.000819672 |
+---------+-------------+-----------+-----------+-------------+-------------+
|    2300 |  0.991114   | 0.0552713 | 0.0552456 | 2.56329e-05 | 0.000813008 |
+---------+-------------+-----------+-----------+-------------+-------------+
|    2400 |  0.991521   | 0.056257  | 0.0562312 | 2.58454e-05 | 0.000806452 |
+---------+-------------+-----------+-----------+-------------+-------------+
|    2500 |  0.991666   | 0.0558598 | 0.0558337 | 2.60179e-05 | 0.0008      |
+---------+-------------+-----------+-----------+-------------+-------------+
|    2600 |  0.991883   | 0.05342   | 0.0533939 | 2.61141e-05 | 0.000793651 |
+---------+-------------+-----------+-----------+-------------+-------------+
|    2700 |  0.991863   | 0.0520189 | 0.0519927 | 2.61903e-05 | 0.000787402 |
+---------+-------------+-----------+-----------+-------------+-------------+
|    2800 |  0.992103   | 0.0529954 | 0.0529691 | 2.63188e-05 | 0.00078125  |
+---------+-------------+-----------+-----------+-------------+-------------+
|    2900 |  0.99234    | 0.0515555 | 0.051529  | 2.64502e-05 | 0.000775194 |
+---------+-------------+-----------+-----------+-------------+-------------+
|    3000 |  0.99241    | 0.0500294 | 0.0500028 | 2.65248e-05 | 0.000769231 |
+---------+-------------+-----------+-----------+-------------+-------------+
|    3100 |  0.992447   | 0.0536826 | 0.0536559 | 2.66958e-05 | 0.000763359 |
+---------+-------------+-----------+-----------+-------------+-------------+
|    3200 |  0.992672   | 0.052266  | 0.0522392 | 2.68127e-05 | 0.000757576 |
+---------+-------------+-----------+-----------+-------------+-------------+
|    3300 |  0.992834   | 0.0507601 | 0.0507332 | 2.68994e-05 | 0.00075188  |
+---------+-------------+-----------+-----------+-------------+-------------+
|    3400 |  0.99276    | 0.0498546 | 0.0498276 | 2.69075e-05 | 0.000746269 |
+---------+-------------+-----------+-----------+-------------+-------------+
|    3500 |  0.992789   | 0.0492445 | 0.0492176 | 2.69752e-05 | 0.000740741 |
+---------+-------------+-----------+-----------+-------------+-------------+
|    3600 |  0.992831   | 0.049714  | 0.049687  | 2.70137e-05 | 0.000735294 |
+---------+-------------+-----------+-----------+-------------+-------------+
|    3700 |  0.992834   | 0.0493833 | 0.0493562 | 2.70912e-05 | 0.000729927 |
+---------+-------------+-----------+-----------+-------------+-------------+
|    3800 |  0.992831   | 0.049581  | 0.0495538 | 2.71959e-05 | 0.000724638 |
+---------+-------------+-----------+-----------+-------------+-------------+
|    3900 |  0.992951   | 0.0489717 | 0.0489444 | 2.72739e-05 | 0.000719424 |
+---------+-------------+-----------+-----------+-------------+-------------+
|    4000 |  0.99291    | 0.0495888 | 0.0495615 | 2.73614e-05 | 0.000714286 |
+---------+-------------+-----------+-----------+-------------+-------------+
|    4100 |  0.993097   | 0.0485173 | 0.0484898 | 2.74652e-05 | 0.00070922  |
+---------+-------------+-----------+-----------+-------------+-------------+
|    4200 |  0.993068   | 0.049084  | 0.0490564 | 2.75519e-05 | 0.000704225 |
+---------+-------------+-----------+-----------+-------------+-------------+
|    4300 |  0.993326   | 0.0484188 | 0.0483911 | 2.76813e-05 | 0.000699301 |
+---------+-------------+-----------+-----------+-------------+-------------+
|    4400 |  0.993389   | 0.047978  | 0.0479502 | 2.78049e-05 | 0.000694444 |
+---------+-------------+-----------+-----------+-------------+-------------+
|    4500 |  0.993453   | 0.0481605 | 0.0481326 | 2.78968e-05 | 0.000689655 |
+---------+-------------+-----------+-----------+-------------+-------------+
|    4600 |  0.993434   | 0.0487491 | 0.0487211 | 2.7982e-05  | 0.000684932 |
+---------+-------------+-----------+-----------+-------------+-------------+
|    4700 |  0.993543   | 0.0478056 | 0.0477775 | 2.80524e-05 | 0.000680272 |
+---------+-------------+-----------+-----------+-------------+-------------+
|    4800 |  0.993348   | 0.0481324 | 0.0481044 | 2.80802e-05 | 0.000675676 |
+---------+-------------+-----------+-----------+-------------+-------------+
|    4900 |  0.993661   | 0.0475266 | 0.0474984 | 2.82108e-05 | 0.000671141 |
+---------+-------------+-----------+-----------+-------------+-------------+
|    5000 |  0.993634   | 0.047137  | 0.0471087 | 2.82647e-05 | 0.000666667 |
+---------+-------------+-----------+-----------+-------------+-------------+
|    5100 |  0.993673   | 0.0462643 | 0.046236  | 2.82882e-05 | 0.000662252 |
+---------+-------------+-----------+-----------+-------------+-------------+
|    5200 |  0.993654   | 0.0470764 | 0.0470481 | 2.83443e-05 | 0.000657895 |
+---------+-------------+-----------+-----------+-------------+-------------+
|    5300 |  0.993695   | 0.0484603 | 0.0484319 | 2.84698e-05 | 0.000653595 |
+---------+-------------+-----------+-----------+-------------+-------------+
|    5400 |  0.993684   | 0.0466647 | 0.0466362 | 2.84443e-05 | 0.000649351 |
+---------+-------------+-----------+-----------+-------------+-------------+
|    5500 |  0.993851   | 0.0460434 | 0.0460149 | 2.85249e-05 | 0.000645161 |
+---------+-------------+-----------+-----------+-------------+-------------+
|    5600 |  0.993843   | 0.046236  | 0.0462075 | 2.85497e-05 | 0.000641026 |
+---------+-------------+-----------+-----------+-------------+-------------+
|    5700 |  0.993804   | 0.0464069 | 0.0463783 | 2.85822e-05 | 0.000636943 |
+---------+-------------+-----------+-----------+-------------+-------------+
|    5800 |  0.993798   | 0.0460446 | 0.046016  | 2.86064e-05 | 0.000632911 |
+---------+-------------+-----------+-----------+-------------+-------------+
|    5900 |  0.993927   | 0.045345  | 0.0453164 | 2.86488e-05 | 0.000628931 |
+---------+-------------+-----------+-----------+-------------+-------------+
|    6000 |  0.993905   | 0.0454612 | 0.0454325 | 2.86614e-05 | 0.000625    |
+---------+-------------+-----------+-----------+-------------+-------------+
|    6100 |  0.993977   | 0.0457863 | 0.0457576 | 2.87132e-05 | 0.000621118 |
+---------+-------------+-----------+-----------+-------------+-------------+
|    6200 |  0.993972   | 0.0458313 | 0.0458025 | 2.87754e-05 | 0.000617284 |
+---------+-------------+-----------+-----------+-------------+-------------+
|    6300 |  0.994007   | 0.0453525 | 0.0453238 | 2.87789e-05 | 0.000613497 |
+---------+-------------+-----------+-----------+-------------+-------------+
|    6400 |  0.99404    | 0.0449901 | 0.0449613 | 2.88202e-05 | 0.000609756 |
+---------+-------------+-----------+-----------+-------------+-------------+
|    6500 |  0.994039   | 0.0451653 | 0.0451364 | 2.88894e-05 | 0.000606061 |
+---------+-------------+-----------+-----------+-------------+-------------+
|    6600 |  0.994045   | 0.0459469 | 0.0459179 | 2.89637e-05 | 0.00060241  |
+---------+-------------+-----------+-----------+-------------+-------------+
|    6700 |  0.994169   | 0.0446123 | 0.0445833 | 2.90297e-05 | 0.000598802 |
+---------+-------------+-----------+-----------+-------------+-------------+
|    6800 |  0.994155   | 0.0449245 | 0.0448954 | 2.90647e-05 | 0.000595238 |
+---------+-------------+-----------+-----------+-------------+-------------+
|    6900 |  0.994185   | 0.0455104 | 0.0454813 | 2.91107e-05 | 0.000591716 |
+---------+-------------+-----------+-----------+-------------+-------------+
|    7000 |  0.994268   | 0.0448769 | 0.0448477 | 2.91598e-05 | 0.000588235 |
+---------+-------------+-----------+-----------+-------------+-------------+
|    7100 |  0.994331   | 0.044398  | 0.0443688 | 2.91849e-05 | 0.000584795 |
+---------+-------------+-----------+-----------+-------------+-------------+
|    7200 |  0.994432   | 0.0439743 | 0.043945  | 2.92463e-05 | 0.000581395 |
+---------+-------------+-----------+-----------+-------------+-------------+
|    7300 |  0.994496   | 0.0430388 | 0.0430095 | 2.92804e-05 | 0.000578035 |
+---------+-------------+-----------+-----------+-------------+-------------+
|    7400 |  0.994492   | 0.0432156 | 0.0431863 | 2.92973e-05 | 0.000574713 |
+---------+-------------+-----------+-----------+-------------+-------------+
|    7500 |  0.994543   | 0.0427453 | 0.042716  | 2.9349e-05  | 0.000571429 |
+---------+-------------+-----------+-----------+-------------+-------------+
|    7600 |  0.994573   | 0.042337  | 0.0423076 | 2.94212e-05 | 0.000568182 |
+---------+-------------+-----------+-----------+-------------+-------------+
|    7700 |  0.994629   | 0.042591  | 0.0425615 | 2.94788e-05 | 0.000564972 |
+---------+-------------+-----------+-----------+-------------+-------------+
|    7800 |  0.994603   | 0.0429441 | 0.0429146 | 2.95083e-05 | 0.000561798 |
+---------+-------------+-----------+-----------+-------------+-------------+
|    7900 |  0.994718   | 0.0432386 | 0.043209  | 2.96318e-05 | 0.000558659 |
+---------+-------------+-----------+-----------+-------------+-------------+
|    8000 |  0.994695   | 0.0432182 | 0.0431885 | 2.96911e-05 | 0.000555556 |
+---------+-------------+-----------+-----------+-------------+-------------+
|    8100 |  0.994834   | 0.0416305 | 0.0416008 | 2.9742e-05  | 0.000552486 |
+---------+-------------+-----------+-----------+-------------+-------------+
|    8200 |  0.994554   | 0.0435704 | 0.0435407 | 2.97482e-05 | 0.000549451 |
+---------+-------------+-----------+-----------+-------------+-------------+
|    8300 |  0.994694   | 0.0422659 | 0.0422361 | 2.98232e-05 | 0.000546448 |
+---------+-------------+-----------+-----------+-------------+-------------+
|    8400 |  0.994774   | 0.0413074 | 0.0412775 | 2.9918e-05  | 0.000543478 |
+---------+-------------+-----------+-----------+-------------+-------------+
|    8500 |  0.994838   | 0.0409939 | 0.0409639 | 2.99967e-05 | 0.000540541 |
+---------+-------------+-----------+-----------+-------------+-------------+
|    8600 |  0.994902   | 0.0405338 | 0.0405037 | 3.00686e-05 | 0.000537634 |
+---------+-------------+-----------+-----------+-------------+-------------+
|    8700 |  0.994646   | 0.0427416 | 0.0427115 | 3.0056e-05  | 0.000534759 |
+---------+-------------+-----------+-----------+-------------+-------------+
|    8800 |  0.994766   | 0.0420227 | 0.0419925 | 3.01397e-05 | 0.000531915 |
+---------+-------------+-----------+-----------+-------------+-------------+
|    8900 |  0.994896   | 0.0404458 | 0.0404156 | 3.02167e-05 | 0.000529101 |
+---------+-------------+-----------+-----------+-------------+-------------+
|    9000 |  0.994759   | 0.0415179 | 0.0414877 | 3.02415e-05 | 0.000526316 |
+---------+-------------+-----------+-----------+-------------+-------------+
|    9100 |  0.994872   | 0.0413039 | 0.0412736 | 3.03391e-05 | 0.00052356  |
+---------+-------------+-----------+-----------+-------------+-------------+
|    9200 |  0.994793   | 0.0408318 | 0.0408014 | 3.03455e-05 | 0.000520833 |
+---------+-------------+-----------+-----------+-------------+-------------+
|    9300 |  0.994831   | 0.0404439 | 0.0404135 | 3.03947e-05 | 0.000518135 |
+---------+-------------+-----------+-----------+-------------+-------------+
|    9400 |  0.994849   | 0.0408075 | 0.0407771 | 3.04391e-05 | 0.000515464 |
+---------+-------------+-----------+-----------+-------------+-------------+
|    9500 |  0.994822   | 0.0405622 | 0.0405317 | 3.04836e-05 | 0.000512821 |
+---------+-------------+-----------+-----------+-------------+-------------+
|    9600 |  0.994922   | 0.0396059 | 0.0395754 | 3.05583e-05 | 0.000510204 |
+---------+-------------+-----------+-----------+-------------+-------------+
|    9700 |  0.994831   | 0.0410088 | 0.0409783 | 3.05731e-05 | 0.000507614 |
+---------+-------------+-----------+-----------+-------------+-------------+
|    9800 |  0.994842   | 0.0407859 | 0.0407553 | 3.06098e-05 | 0.000505051 |
+---------+-------------+-----------+-----------+-------------+-------------+
|    9900 |  0.99479    | 0.0416061 | 0.0415755 | 3.06339e-05 | 0.000502513 |
+---------+-------------+-----------+-----------+-------------+-------------+
|   10000 |  0.994924   | 0.0407063 | 0.0406756 | 3.07281e-05 | 0.0005      |
+---------+-------------+-----------+-----------+-------------+-------------+

Abbreviations:
R^2: Coefficient of determination(Accuracy)
TotLoss: total loss (Loss + Regloss)
Regloss: regularization loss
lR: learning rate
