Training results

Loss and optimizer used: MSE, RMSP

+---------+-------------+------------+------------+-------------+-------------+
|   Epoch |         R^2 |    Totloss |       Loss |     Regloss |          lR |
+=========+=============+============+============+=============+=============+
|       0 | -0.00111209 | 0.967069   | 0.967069   | 7.88695e-08 | 0.001       |
+---------+-------------+------------+------------+-------------+-------------+
|     100 |  0.591233   | 0.394877   | 0.394867   | 1.01649e-05 | 0.000990099 |
+---------+-------------+------------+------------+-------------+-------------+
|     200 |  0.918748   | 0.0785057  | 0.0784895  | 1.61977e-05 | 0.000980392 |
+---------+-------------+------------+------------+-------------+-------------+
|     300 |  0.968663   | 0.0302899  | 0.0302712  | 1.8641e-05  | 0.000970874 |
+---------+-------------+------------+------------+-------------+-------------+
|     400 |  0.981673   | 0.0177247  | 0.0177036  | 2.10816e-05 | 0.000961538 |
+---------+-------------+------------+------------+-------------+-------------+
|     500 |  0.988239   | 0.0113841  | 0.0113614  | 2.27384e-05 | 0.000952381 |
+---------+-------------+------------+------------+-------------+-------------+
|     600 |  0.991067   | 0.00865294 | 0.00862895 | 2.3991e-05  | 0.000943396 |
+---------+-------------+------------+------------+-------------+-------------+
|     700 |  0.992472   | 0.00729682 | 0.0072718  | 2.50205e-05 | 0.000934579 |
+---------+-------------+------------+------------+-------------+-------------+
|     800 |  0.993037   | 0.00675241 | 0.0067267  | 2.57113e-05 | 0.000925926 |
+---------+-------------+------------+------------+-------------+-------------+
|     900 |  0.993242   | 0.00655474 | 0.00652847 | 2.62665e-05 | 0.000917431 |
+---------+-------------+------------+------------+-------------+-------------+
|    1000 |  0.993903   | 0.00591604 | 0.00588922 | 2.68204e-05 | 0.000909091 |
+---------+-------------+------------+------------+-------------+-------------+
|    1100 |  0.994177   | 0.00565271 | 0.00562522 | 2.74885e-05 | 0.000900901 |
+---------+-------------+------------+------------+-------------+-------------+
|    1200 |  0.99457    | 0.00527382 | 0.0052457  | 2.81242e-05 | 0.000892857 |
+---------+-------------+------------+------------+-------------+-------------+
|    1300 |  0.994778   | 0.00507326 | 0.00504467 | 2.8588e-05  | 0.000884956 |
+---------+-------------+------------+------------+-------------+-------------+
|    1400 |  0.994964   | 0.00489404 | 0.00486499 | 2.90459e-05 | 0.000877193 |
+---------+-------------+------------+------------+-------------+-------------+
|    1500 |  0.994669   | 0.00517908 | 0.00514967 | 2.94092e-05 | 0.000869565 |
+---------+-------------+------------+------------+-------------+-------------+
|    1600 |  0.995086   | 0.00477632 | 0.00474651 | 2.98114e-05 | 0.000862069 |
+---------+-------------+------------+------------+-------------+-------------+
|    1700 |  0.995387   | 0.00448666 | 0.00445641 | 3.02551e-05 | 0.000854701 |
+---------+-------------+------------+------------+-------------+-------------+
|    1800 |  0.99549    | 0.00438715 | 0.00435654 | 3.06021e-05 | 0.000847458 |
+---------+-------------+------------+------------+-------------+-------------+
|    1900 |  0.995513   | 0.00436574 | 0.00433479 | 3.09467e-05 | 0.000840336 |
+---------+-------------+------------+------------+-------------+-------------+
|    2000 |  0.995577   | 0.00430418 | 0.00427291 | 3.12692e-05 | 0.000833333 |
+---------+-------------+------------+------------+-------------+-------------+
|    2100 |  0.995096   | 0.00476823 | 0.00473677 | 3.14626e-05 | 0.000826446 |
+---------+-------------+------------+------------+-------------+-------------+
|    2200 |  0.995745   | 0.00414261 | 0.00411074 | 3.18695e-05 | 0.000819672 |
+---------+-------------+------------+------------+-------------+-------------+
|    2300 |  0.995763   | 0.00412531 | 0.00409308 | 3.22279e-05 | 0.000813008 |
+---------+-------------+------------+------------+-------------+-------------+
|    2400 |  0.995952   | 0.00394343 | 0.00391081 | 3.26242e-05 | 0.000806452 |
+---------+-------------+------------+------------+-------------+-------------+
|    2500 |  0.995974   | 0.00392204 | 0.00388915 | 3.28951e-05 | 0.0008      |
+---------+-------------+------------+------------+-------------+-------------+
|    2600 |  0.996031   | 0.0038668  | 0.00383359 | 3.32124e-05 | 0.000793651 |
+---------+-------------+------------+------------+-------------+-------------+
|    2700 |  0.996172   | 0.00373079 | 0.00369736 | 3.34391e-05 | 0.000787402 |
+---------+-------------+------------+------------+-------------+-------------+
|    2800 |  0.996179   | 0.00372461 | 0.00369087 | 3.37453e-05 | 0.00078125  |
+---------+-------------+------------+------------+-------------+-------------+
|    2900 |  0.996101   | 0.00380044 | 0.0037665  | 3.39422e-05 | 0.000775194 |
+---------+-------------+------------+------------+-------------+-------------+
|    3000 |  0.9963     | 0.00360854 | 0.00357432 | 3.42157e-05 | 0.000769231 |
+---------+-------------+------------+------------+-------------+-------------+
|    3100 |  0.996345   | 0.00356507 | 0.00353063 | 3.44348e-05 | 0.000763359 |
+---------+-------------+------------+------------+-------------+-------------+
|    3200 |  0.995973   | 0.00392472 | 0.00389013 | 3.45838e-05 | 0.000757576 |
+---------+-------------+------------+------------+-------------+-------------+
|    3300 |  0.996208   | 0.00369809 | 0.0036633  | 3.47873e-05 | 0.00075188  |
+---------+-------------+------------+------------+-------------+-------------+
|    3400 |  0.996296   | 0.0036132  | 0.00357816 | 3.50389e-05 | 0.000746269 |
+---------+-------------+------------+------------+-------------+-------------+
|    3500 |  0.996191   | 0.00371485 | 0.00367972 | 3.51319e-05 | 0.000740741 |
+---------+-------------+------------+------------+-------------+-------------+
|    3600 |  0.996567   | 0.00335115 | 0.00331582 | 3.53369e-05 | 0.000735294 |
+---------+-------------+------------+------------+-------------+-------------+
|    3700 |  0.996572   | 0.0033469  | 0.00331139 | 3.55119e-05 | 0.000729927 |
+---------+-------------+------------+------------+-------------+-------------+
|    3800 |  0.996454   | 0.00346093 | 0.00342527 | 3.56624e-05 | 0.000724638 |
+---------+-------------+------------+------------+-------------+-------------+
|    3900 |  0.996562   | 0.00335669 | 0.00332092 | 3.57741e-05 | 0.000719424 |
+---------+-------------+------------+------------+-------------+-------------+
|    4000 |  0.996704   | 0.00321971 | 0.00318377 | 3.59411e-05 | 0.000714286 |
+---------+-------------+------------+------------+-------------+-------------+
|    4100 |  0.996681   | 0.00324217 | 0.00320604 | 3.61373e-05 | 0.00070922  |
+---------+-------------+------------+------------+-------------+-------------+
|    4200 |  0.99664    | 0.00328176 | 0.0032455  | 3.62562e-05 | 0.000704225 |
+---------+-------------+------------+------------+-------------+-------------+
|    4300 |  0.996575   | 0.00334446 | 0.00330805 | 3.64096e-05 | 0.000699301 |
+---------+-------------+------------+------------+-------------+-------------+
|    4400 |  0.996815   | 0.00311316 | 0.00307656 | 3.65959e-05 | 0.000694444 |
+---------+-------------+------------+------------+-------------+-------------+
|    4500 |  0.996793   | 0.00313495 | 0.00309822 | 3.67365e-05 | 0.000689655 |
+---------+-------------+------------+------------+-------------+-------------+
|    4600 |  0.996694   | 0.00323064 | 0.00319382 | 3.682e-05   | 0.000684932 |
+---------+-------------+------------+------------+-------------+-------------+
|    4700 |  0.996889   | 0.00304226 | 0.00300533 | 3.69275e-05 | 0.000680272 |
+---------+-------------+------------+------------+-------------+-------------+
|    4800 |  0.996816   | 0.00311242 | 0.00307534 | 3.70828e-05 | 0.000675676 |
+---------+-------------+------------+------------+-------------+-------------+
|    4900 |  0.996701   | 0.00322365 | 0.00318654 | 3.71183e-05 | 0.000671141 |
+---------+-------------+------------+------------+-------------+-------------+
|    5000 |  0.996986   | 0.00294892 | 0.0029117  | 3.72174e-05 | 0.000666667 |
+---------+-------------+------------+------------+-------------+-------------+
|    5100 |  0.996919   | 0.00301323 | 0.00297594 | 3.72937e-05 | 0.000662252 |
+---------+-------------+------------+------------+-------------+-------------+
|    5200 |  0.996929   | 0.00300355 | 0.00296617 | 3.73887e-05 | 0.000657895 |
+---------+-------------+------------+------------+-------------+-------------+
|    5300 |  0.996736   | 0.00319038 | 0.00315285 | 3.7525e-05  | 0.000653595 |
+---------+-------------+------------+------------+-------------+-------------+
|    5400 |  0.997077   | 0.00286093 | 0.00282336 | 3.75722e-05 | 0.000649351 |
+---------+-------------+------------+------------+-------------+-------------+
|    5500 |  0.997039   | 0.00289803 | 0.00286042 | 3.76076e-05 | 0.000645161 |
+---------+-------------+------------+------------+-------------+-------------+
|    5600 |  0.997124   | 0.00281611 | 0.00277841 | 3.76982e-05 | 0.000641026 |
+---------+-------------+------------+------------+-------------+-------------+
|    5700 |  0.997106   | 0.00283387 | 0.00279604 | 3.78263e-05 | 0.000636943 |
+---------+-------------+------------+------------+-------------+-------------+
|    5800 |  0.997151   | 0.00279025 | 0.00275235 | 3.78983e-05 | 0.000632911 |
+---------+-------------+------------+------------+-------------+-------------+
|    5900 |  0.997126   | 0.00281419 | 0.00277622 | 3.79711e-05 | 0.000628931 |
+---------+-------------+------------+------------+-------------+-------------+
|    6000 |  0.997211   | 0.00273233 | 0.00269424 | 3.80844e-05 | 0.000625    |
+---------+-------------+------------+------------+-------------+-------------+
|    6100 |  0.996934   | 0.00299962 | 0.00296141 | 3.82047e-05 | 0.000621118 |
+---------+-------------+------------+------------+-------------+-------------+
|    6200 |  0.997227   | 0.00271724 | 0.00267899 | 3.82443e-05 | 0.000617284 |
+---------+-------------+------------+------------+-------------+-------------+
|    6300 |  0.997228   | 0.00271583 | 0.00267749 | 3.83392e-05 | 0.000613497 |
+---------+-------------+------------+------------+-------------+-------------+
|    6400 |  0.997108   | 0.00283233 | 0.00279391 | 3.84143e-05 | 0.000609756 |
+---------+-------------+------------+------------+-------------+-------------+
|    6500 |  0.99721    | 0.00273357 | 0.00269508 | 3.84894e-05 | 0.000606061 |
+---------+-------------+------------+------------+-------------+-------------+
|    6600 |  0.997029   | 0.00290889 | 0.00287025 | 3.86454e-05 | 0.00060241  |
+---------+-------------+------------+------------+-------------+-------------+
|    6700 |  0.997071   | 0.00286818 | 0.00282945 | 3.87376e-05 | 0.000598802 |
+---------+-------------+------------+------------+-------------+-------------+
|    6800 |  0.997165   | 0.00277768 | 0.00273886 | 3.88226e-05 | 0.000595238 |
+---------+-------------+------------+------------+-------------+-------------+
|    6900 |  0.997052   | 0.00288648 | 0.00284756 | 3.89238e-05 | 0.000591716 |
+---------+-------------+------------+------------+-------------+-------------+
|    7000 |  0.997271   | 0.00267549 | 0.00263653 | 3.89646e-05 | 0.000588235 |
+---------+-------------+------------+------------+-------------+-------------+
|    7100 |  0.997336   | 0.00261235 | 0.00257329 | 3.90571e-05 | 0.000584795 |
+---------+-------------+------------+------------+-------------+-------------+
|    7200 |  0.997309   | 0.00263881 | 0.00259969 | 3.91182e-05 | 0.000581395 |
+---------+-------------+------------+------------+-------------+-------------+
|    7300 |  0.997353   | 0.00259581 | 0.00255661 | 3.9204e-05  | 0.000578035 |
+---------+-------------+------------+------------+-------------+-------------+
|    7400 |  0.997194   | 0.00274974 | 0.00271049 | 3.92486e-05 | 0.000574713 |
+---------+-------------+------------+------------+-------------+-------------+
|    7500 |  0.997335   | 0.00261398 | 0.00257463 | 3.93508e-05 | 0.000571429 |
+---------+-------------+------------+------------+-------------+-------------+
|    7600 |  0.99726    | 0.00268636 | 0.0026469  | 3.94564e-05 | 0.000568182 |
+---------+-------------+------------+------------+-------------+-------------+
|    7700 |  0.997267   | 0.00267949 | 0.00264    | 3.94907e-05 | 0.000564972 |
+---------+-------------+------------+------------+-------------+-------------+
|    7800 |  0.997394   | 0.00255695 | 0.00251735 | 3.96055e-05 | 0.000561798 |
+---------+-------------+------------+------------+-------------+-------------+
|    7900 |  0.99732    | 0.00262807 | 0.00258842 | 3.96554e-05 | 0.000558659 |
+---------+-------------+------------+------------+-------------+-------------+
|    8000 |  0.997427   | 0.00252519 | 0.00248542 | 3.97675e-05 | 0.000555556 |
+---------+-------------+------------+------------+-------------+-------------+
|    8100 |  0.997339   | 0.00261017 | 0.00257032 | 3.98519e-05 | 0.000552486 |
+---------+-------------+------------+------------+-------------+-------------+
|    8200 |  0.997359   | 0.00259136 | 0.00255145 | 3.9903e-05  | 0.000549451 |
+---------+-------------+------------+------------+-------------+-------------+
|    8300 |  0.997372   | 0.00257865 | 0.00253866 | 3.99905e-05 | 0.000546448 |
+---------+-------------+------------+------------+-------------+-------------+
|    8400 |  0.997459   | 0.00249436 | 0.00245427 | 4.00854e-05 | 0.000543478 |
+---------+-------------+------------+------------+-------------+-------------+
|    8500 |  0.997456   | 0.00249726 | 0.00245711 | 4.01528e-05 | 0.000540541 |
+---------+-------------+------------+------------+-------------+-------------+
|    8600 |  0.997358   | 0.0025919  | 0.00255169 | 4.02107e-05 | 0.000537634 |
+---------+-------------+------------+------------+-------------+-------------+
|    8700 |  0.997434   | 0.00251916 | 0.00247885 | 4.03089e-05 | 0.000534759 |
+---------+-------------+------------+------------+-------------+-------------+
|    8800 |  0.997411   | 0.00254136 | 0.00250102 | 4.03351e-05 | 0.000531915 |
+---------+-------------+------------+------------+-------------+-------------+
|    8900 |  0.997449   | 0.00250435 | 0.00246395 | 4.04012e-05 | 0.000529101 |
+---------+-------------+------------+------------+-------------+-------------+
|    9000 |  0.997364   | 0.0025864  | 0.00254594 | 4.04608e-05 | 0.000526316 |
+---------+-------------+------------+------------+-------------+-------------+
|    9100 |  0.997463   | 0.00249092 | 0.00245037 | 4.05526e-05 | 0.00052356  |
+---------+-------------+------------+------------+-------------+-------------+
|    9200 |  0.997485   | 0.00247023 | 0.00242965 | 4.05767e-05 | 0.000520833 |
+---------+-------------+------------+------------+-------------+-------------+
|    9300 |  0.997357   | 0.00259371 | 0.00255308 | 4.06254e-05 | 0.000518135 |
+---------+-------------+------------+------------+-------------+-------------+
|    9400 |  0.997427   | 0.00252594 | 0.00248523 | 4.07043e-05 | 0.000515464 |
+---------+-------------+------------+------------+-------------+-------------+
|    9500 |  0.997471   | 0.0024833  | 0.00244258 | 4.07207e-05 | 0.000512821 |
+---------+-------------+------------+------------+-------------+-------------+
|    9600 |  0.997478   | 0.00247682 | 0.00243602 | 4.07949e-05 | 0.000510204 |
+---------+-------------+------------+------------+-------------+-------------+
|    9700 |  0.997355   | 0.00259602 | 0.00255522 | 4.07994e-05 | 0.000507614 |
+---------+-------------+------------+------------+-------------+-------------+
|    9800 |  0.99745    | 0.00250447 | 0.00246359 | 4.08758e-05 | 0.000505051 |
+---------+-------------+------------+------------+-------------+-------------+
|    9900 |  0.997376   | 0.00257555 | 0.00253468 | 4.08742e-05 | 0.000502513 |
+---------+-------------+------------+------------+-------------+-------------+
|   10000 |  0.99741    | 0.00254292 | 0.00250201 | 4.09143e-05 | 0.0005      |
+---------+-------------+------------+------------+-------------+-------------+

Abbreviations:
R^2: Coefficient of determination(Accuracy)
TotLoss: total loss (Loss + Regloss)
Regloss: regularization loss
lR: learning rate
