Training results

Loss and optimizer used: RMSE, SGDM

+---------+-------------+-----------+-----------+-------------+-------------+
|   Epoch |         R^2 |   Totloss |      Loss |     Regloss |          lR |
+=========+=============+===========+===========+=============+=============+
|       0 | -0.00111209 | 0.6825    | 0.6825    | 7.88695e-08 | 0.85        |
+---------+-------------+-----------+-----------+-------------+-------------+
|     100 | -0.0592306  | 0.622295  | 0.622294  | 1.08278e-07 | 0.0772727   |
+---------+-------------+-----------+-----------+-------------+-------------+
|     200 | -0.0216635  | 0.595854  | 0.595853  | 6.47866e-07 | 0.0404762   |
+---------+-------------+-----------+-----------+-------------+-------------+
|     300 |  0.387629   | 0.406953  | 0.40695   | 3.40466e-06 | 0.0274194   |
+---------+-------------+-----------+-----------+-------------+-------------+
|     400 |  0.729157   | 0.228437  | 0.228431  | 6.27722e-06 | 0.0207317   |
+---------+-------------+-----------+-----------+-------------+-------------+
|     500 |  0.865011   | 0.169482  | 0.169475  | 7.25855e-06 | 0.0166667   |
+---------+-------------+-----------+-----------+-------------+-------------+
|     600 |  0.964366   | 0.109644  | 0.109636  | 8.36873e-06 | 0.0139344   |
+---------+-------------+-----------+-----------+-------------+-------------+
|     700 |  0.965649   | 0.100446  | 0.100437  | 8.67369e-06 | 0.0119718   |
+---------+-------------+-----------+-----------+-------------+-------------+
|     800 |  0.967307   | 0.0979998 | 0.097991  | 8.78448e-06 | 0.0104938   |
+---------+-------------+-----------+-----------+-------------+-------------+
|     900 |  0.969123   | 0.0958671 | 0.0958583 | 8.86716e-06 | 0.00934066  |
+---------+-------------+-----------+-----------+-------------+-------------+
|    1000 |  0.970297   | 0.0943525 | 0.0943435 | 8.94357e-06 | 0.00841584  |
+---------+-------------+-----------+-----------+-------------+-------------+
|    1100 |  0.971441   | 0.0932872 | 0.0932782 | 9.03167e-06 | 0.00765766  |
+---------+-------------+-----------+-----------+-------------+-------------+
|    1200 |  0.972268   | 0.0919811 | 0.091972  | 9.10802e-06 | 0.00702479  |
+---------+-------------+-----------+-----------+-------------+-------------+
|    1300 |  0.973094   | 0.0911626 | 0.0911534 | 9.17932e-06 | 0.00648855  |
+---------+-------------+-----------+-----------+-------------+-------------+
|    1400 |  0.974029   | 0.0901147 | 0.0901054 | 9.25899e-06 | 0.00602837  |
+---------+-------------+-----------+-----------+-------------+-------------+
|    1500 |  0.974811   | 0.0892778 | 0.0892684 | 9.32503e-06 | 0.00562914  |
+---------+-------------+-----------+-----------+-------------+-------------+
|    1600 |  0.975511   | 0.088499  | 0.0884896 | 9.38117e-06 | 0.0052795   |
+---------+-------------+-----------+-----------+-------------+-------------+
|    1700 |  0.976283   | 0.08768   | 0.0876706 | 9.44509e-06 | 0.00497076  |
+---------+-------------+-----------+-----------+-------------+-------------+
|    1800 |  0.976929   | 0.086801  | 0.0867915 | 9.50904e-06 | 0.00469613  |
+---------+-------------+-----------+-----------+-------------+-------------+
|    1900 |  0.977524   | 0.085933  | 0.0859234 | 9.57721e-06 | 0.00445026  |
+---------+-------------+-----------+-----------+-------------+-------------+
|    2000 |  0.978191   | 0.0850389 | 0.0850293 | 9.65106e-06 | 0.00422886  |
+---------+-------------+-----------+-----------+-------------+-------------+
|    2100 |  0.978642   | 0.0841791 | 0.0841694 | 9.71281e-06 | 0.00402844  |
+---------+-------------+-----------+-----------+-------------+-------------+
|    2200 |  0.979193   | 0.0832572 | 0.0832474 | 9.77304e-06 | 0.00384615  |
+---------+-------------+-----------+-----------+-------------+-------------+
|    2300 |  0.979728   | 0.0824524 | 0.0824425 | 9.8342e-06  | 0.00367965  |
+---------+-------------+-----------+-----------+-------------+-------------+
|    2400 |  0.980368   | 0.0815698 | 0.0815599 | 9.8951e-06  | 0.00352697  |
+---------+-------------+-----------+-----------+-------------+-------------+
|    2500 |  0.981849   | 0.0790468 | 0.0790369 | 9.96396e-06 | 0.00338645  |
+---------+-------------+-----------+-----------+-------------+-------------+
|    2600 |  0.984156   | 0.0730222 | 0.0730121 | 1.00742e-05 | 0.0032567   |
+---------+-------------+-----------+-----------+-------------+-------------+
|    2700 |  0.984618   | 0.0720801 | 0.07207   | 1.01209e-05 | 0.00313653  |
+---------+-------------+-----------+-----------+-------------+-------------+
|    2800 |  0.984904   | 0.0714378 | 0.0714277 | 1.01617e-05 | 0.00302491  |
+---------+-------------+-----------+-----------+-------------+-------------+
|    2900 |  0.985156   | 0.0710105 | 0.0710003 | 1.01991e-05 | 0.00292096  |
+---------+-------------+-----------+-----------+-------------+-------------+
|    3000 |  0.985388   | 0.0705976 | 0.0705874 | 1.02321e-05 | 0.00282392  |
+---------+-------------+-----------+-----------+-------------+-------------+
|    3100 |  0.98564    | 0.0701303 | 0.0701201 | 1.02688e-05 | 0.00273312  |
+---------+-------------+-----------+-----------+-------------+-------------+
|    3200 |  0.985874   | 0.0695766 | 0.0695662 | 1.03057e-05 | 0.00264798  |
+---------+-------------+-----------+-----------+-------------+-------------+
|    3300 |  0.986091   | 0.0691333 | 0.069123  | 1.03428e-05 | 0.00256798  |
+---------+-------------+-----------+-----------+-------------+-------------+
|    3400 |  0.986302   | 0.0688515 | 0.0688411 | 1.03792e-05 | 0.00249267  |
+---------+-------------+-----------+-----------+-------------+-------------+
|    3500 |  0.986524   | 0.0683945 | 0.068384  | 1.04205e-05 | 0.00242165  |
+---------+-------------+-----------+-----------+-------------+-------------+
|    3600 |  0.986722   | 0.0679734 | 0.0679629 | 1.0454e-05  | 0.00235457  |
+---------+-------------+-----------+-----------+-------------+-------------+
|    3700 |  0.986867   | 0.0676533 | 0.0676428 | 1.0486e-05  | 0.00229111  |
+---------+-------------+-----------+-----------+-------------+-------------+
|    3800 |  0.987064   | 0.0672809 | 0.0672704 | 1.05227e-05 | 0.00223097  |
+---------+-------------+-----------+-----------+-------------+-------------+
|    3900 |  0.987193   | 0.0671774 | 0.0671668 | 1.05539e-05 | 0.00217391  |
+---------+-------------+-----------+-----------+-------------+-------------+
|    4000 |  0.987409   | 0.0665591 | 0.0665485 | 1.05931e-05 | 0.0021197   |
+---------+-------------+-----------+-----------+-------------+-------------+
|    4100 |  0.987567   | 0.0661974 | 0.0661868 | 1.06275e-05 | 0.00206813  |
+---------+-------------+-----------+-----------+-------------+-------------+
|    4200 |  0.987736   | 0.0659153 | 0.0659046 | 1.06597e-05 | 0.002019    |
+---------+-------------+-----------+-----------+-------------+-------------+
|    4300 |  0.987837   | 0.0655871 | 0.0655764 | 1.06891e-05 | 0.00197216  |
+---------+-------------+-----------+-----------+-------------+-------------+
|    4400 |  0.987992   | 0.0651048 | 0.0650941 | 1.07202e-05 | 0.00192744  |
+---------+-------------+-----------+-----------+-------------+-------------+
|    4500 |  0.988139   | 0.0647602 | 0.0647495 | 1.07465e-05 | 0.0018847   |
+---------+-------------+-----------+-----------+-------------+-------------+
|    4600 |  0.988297   | 0.0643129 | 0.0643022 | 1.07751e-05 | 0.00184382  |
+---------+-------------+-----------+-----------+-------------+-------------+
|    4700 |  0.988482   | 0.0638831 | 0.0638723 | 1.08065e-05 | 0.00180467  |
+---------+-------------+-----------+-----------+-------------+-------------+
|    4800 |  0.988664   | 0.0634251 | 0.0634142 | 1.08305e-05 | 0.00176715  |
+---------+-------------+-----------+-----------+-------------+-------------+
|    4900 |  0.988793   | 0.0631467 | 0.0631359 | 1.08543e-05 | 0.00173116  |
+---------+-------------+-----------+-----------+-------------+-------------+
|    5000 |  0.988853   | 0.0627457 | 0.0627348 | 1.08748e-05 | 0.00169661  |
+---------+-------------+-----------+-----------+-------------+-------------+
|    5100 |  0.988989   | 0.0623462 | 0.0623353 | 1.09004e-05 | 0.00166341  |
+---------+-------------+-----------+-----------+-------------+-------------+
|    5200 |  0.989084   | 0.0619774 | 0.0619665 | 1.09226e-05 | 0.00163148  |
+---------+-------------+-----------+-----------+-------------+-------------+
|    5300 |  0.989213   | 0.0616643 | 0.0616534 | 1.09495e-05 | 0.00160075  |
+---------+-------------+-----------+-----------+-------------+-------------+
|    5400 |  0.989327   | 0.0611474 | 0.0611365 | 1.09731e-05 | 0.00157116  |
+---------+-------------+-----------+-----------+-------------+-------------+
|    5500 |  0.989448   | 0.0608056 | 0.0607946 | 1.09989e-05 | 0.00154265  |
+---------+-------------+-----------+-----------+-------------+-------------+
|    5600 |  0.989554   | 0.060385  | 0.060374  | 1.10267e-05 | 0.00151515  |
+---------+-------------+-----------+-----------+-------------+-------------+
|    5700 |  0.989682   | 0.0600048 | 0.0599937 | 1.1056e-05  | 0.00148862  |
+---------+-------------+-----------+-----------+-------------+-------------+
|    5800 |  0.989794   | 0.0596356 | 0.0596245 | 1.10841e-05 | 0.00146299  |
+---------+-------------+-----------+-----------+-------------+-------------+
|    5900 |  0.989902   | 0.059216  | 0.0592049 | 1.11152e-05 | 0.00143824  |
+---------+-------------+-----------+-----------+-------------+-------------+
|    6000 |  0.989981   | 0.0588356 | 0.0588245 | 1.11458e-05 | 0.00141431  |
+---------+-------------+-----------+-----------+-------------+-------------+
|    6100 |  0.99006    | 0.0585147 | 0.0585035 | 1.11764e-05 | 0.00139116  |
+---------+-------------+-----------+-----------+-------------+-------------+
|    6200 |  0.990133   | 0.0582815 | 0.0582703 | 1.12055e-05 | 0.00136876  |
+---------+-------------+-----------+-----------+-------------+-------------+
|    6300 |  0.990178   | 0.0580398 | 0.0580286 | 1.12291e-05 | 0.00134707  |
+---------+-------------+-----------+-----------+-------------+-------------+
|    6400 |  0.990244   | 0.0577139 | 0.0577026 | 1.12538e-05 | 0.00132605  |
+---------+-------------+-----------+-----------+-------------+-------------+
|    6500 |  0.99028    | 0.0575539 | 0.0575426 | 1.12739e-05 | 0.00130568  |
+---------+-------------+-----------+-----------+-------------+-------------+
|    6600 |  0.990323   | 0.057432  | 0.0574207 | 1.12927e-05 | 0.00128593  |
+---------+-------------+-----------+-----------+-------------+-------------+
|    6700 |  0.990361   | 0.0573393 | 0.057328  | 1.13104e-05 | 0.00126677  |
+---------+-------------+-----------+-----------+-------------+-------------+
|    6800 |  0.990429   | 0.0570133 | 0.057002  | 1.13297e-05 | 0.00124816  |
+---------+-------------+-----------+-----------+-------------+-------------+
|    6900 |  0.990492   | 0.0568637 | 0.0568523 | 1.13489e-05 | 0.0012301   |
+---------+-------------+-----------+-----------+-------------+-------------+
|    7000 |  0.990533   | 0.0567422 | 0.0567308 | 1.13675e-05 | 0.00121255  |
+---------+-------------+-----------+-----------+-------------+-------------+
|    7100 |  0.990593   | 0.056554  | 0.0565426 | 1.13892e-05 | 0.0011955   |
+---------+-------------+-----------+-----------+-------------+-------------+
|    7200 |  0.990655   | 0.0563166 | 0.0563052 | 1.14111e-05 | 0.00117892  |
+---------+-------------+-----------+-----------+-------------+-------------+
|    7300 |  0.990715   | 0.0561901 | 0.0561787 | 1.14327e-05 | 0.00116279  |
+---------+-------------+-----------+-----------+-------------+-------------+
|    7400 |  0.990779   | 0.0560287 | 0.0560172 | 1.14552e-05 | 0.0011471   |
+---------+-------------+-----------+-----------+-------------+-------------+
|    7500 |  0.990836   | 0.0558252 | 0.0558137 | 1.14749e-05 | 0.00113182  |
+---------+-------------+-----------+-----------+-------------+-------------+
|    7600 |  0.990874   | 0.0555887 | 0.0555773 | 1.14909e-05 | 0.00111695  |
+---------+-------------+-----------+-----------+-------------+-------------+
|    7700 |  0.990942   | 0.0554706 | 0.0554591 | 1.15092e-05 | 0.00110246  |
+---------+-------------+-----------+-----------+-------------+-------------+
|    7800 |  0.991002   | 0.0553719 | 0.0553604 | 1.15269e-05 | 0.00108835  |
+---------+-------------+-----------+-----------+-------------+-------------+
|    7900 |  0.99104    | 0.0551836 | 0.055172  | 1.15422e-05 | 0.00107459  |
+---------+-------------+-----------+-----------+-------------+-------------+
|    8000 |  0.99109    | 0.0550457 | 0.0550341 | 1.15565e-05 | 0.00106117  |
+---------+-------------+-----------+-----------+-------------+-------------+
|    8100 |  0.991169   | 0.0547996 | 0.054788  | 1.15734e-05 | 0.00104809  |
+---------+-------------+-----------+-----------+-------------+-------------+
|    8200 |  0.991219   | 0.0546541 | 0.0546425 | 1.15868e-05 | 0.00103532  |
+---------+-------------+-----------+-----------+-------------+-------------+
|    8300 |  0.991283   | 0.0545031 | 0.0544915 | 1.16018e-05 | 0.00102286  |
+---------+-------------+-----------+-----------+-------------+-------------+
|    8400 |  0.991316   | 0.05441   | 0.0543984 | 1.16147e-05 | 0.0010107   |
+---------+-------------+-----------+-----------+-------------+-------------+
|    8500 |  0.991387   | 0.0542113 | 0.0541996 | 1.16313e-05 | 0.000998825 |
+---------+-------------+-----------+-----------+-------------+-------------+
|    8600 |  0.991439   | 0.0541167 | 0.054105  | 1.16465e-05 | 0.000987224 |
+---------+-------------+-----------+-----------+-------------+-------------+
|    8700 |  0.991481   | 0.053917  | 0.0539053 | 1.16618e-05 | 0.00097589  |
+---------+-------------+-----------+-----------+-------------+-------------+
|    8800 |  0.991534   | 0.0537638 | 0.0537522 | 1.16778e-05 | 0.000964813 |
+---------+-------------+-----------+-----------+-------------+-------------+
|    8900 |  0.991613   | 0.0535544 | 0.0535427 | 1.16945e-05 | 0.000953984 |
+---------+-------------+-----------+-----------+-------------+-------------+
|    9000 |  0.991702   | 0.0533312 | 0.0533195 | 1.17121e-05 | 0.000943396 |
+---------+-------------+-----------+-----------+-------------+-------------+
|    9100 |  0.991784   | 0.0531321 | 0.0531204 | 1.17309e-05 | 0.000933041 |
+---------+-------------+-----------+-----------+-------------+-------------+
|    9200 |  0.99185    | 0.0529136 | 0.0529019 | 1.17491e-05 | 0.00092291  |
+---------+-------------+-----------+-----------+-------------+-------------+
|    9300 |  0.991924   | 0.0526303 | 0.0526185 | 1.17682e-05 | 0.000912997 |
+---------+-------------+-----------+-----------+-------------+-------------+
|    9400 |  0.991974   | 0.0523516 | 0.0523398 | 1.17851e-05 | 0.000903294 |
+---------+-------------+-----------+-----------+-------------+-------------+
|    9500 |  0.99201    | 0.0522001 | 0.0521883 | 1.18013e-05 | 0.000893796 |
+---------+-------------+-----------+-----------+-------------+-------------+
|    9600 |  0.992053   | 0.0520871 | 0.0520752 | 1.18188e-05 | 0.000884495 |
+---------+-------------+-----------+-----------+-------------+-------------+
|    9700 |  0.992114   | 0.0519167 | 0.0519049 | 1.18377e-05 | 0.000875386 |
+---------+-------------+-----------+-----------+-------------+-------------+
|    9800 |  0.992156   | 0.051811  | 0.0517992 | 1.18564e-05 | 0.000866463 |
+---------+-------------+-----------+-----------+-------------+-------------+
|    9900 |  0.992192   | 0.0516424 | 0.0516305 | 1.18734e-05 | 0.000857719 |
+---------+-------------+-----------+-----------+-------------+-------------+
|   10000 |  0.992219   | 0.0515163 | 0.0515044 | 1.18892e-05 | 0.000849151 |
+---------+-------------+-----------+-----------+-------------+-------------+

Abbreviations:
R^2: Coefficient of determination(Accuracy)
TotLoss: total loss (Loss + Regloss)
Regloss: regularization loss
lR: learning rate
