Training results

Loss and optimizer used: MSE, SGDM

+---------+-------------+------------+------------+-------------+-------------+
|   Epoch |         R^2 |    Totloss |       Loss |     Regloss |          lR |
+=========+=============+============+============+=============+=============+
|       0 | -0.00111209 | 0.967069   | 0.967069   | 7.88695e-08 | 0.85        |
+---------+-------------+------------+------------+-------------+-------------+
|     100 |  0.978882   | 0.0204082  | 0.0204001  | 8.16563e-06 | 0.0772727   |
+---------+-------------+------------+------------+-------------+-------------+
|     200 |  0.987616   | 0.0119717  | 0.0119624  | 9.24668e-06 | 0.0404762   |
+---------+-------------+------------+------------+-------------+-------------+
|     300 |  0.988955   | 0.0106791  | 0.0106697  | 9.45685e-06 | 0.0274194   |
+---------+-------------+------------+------------+-------------+-------------+
|     400 |  0.989339   | 0.0103079  | 0.0102983  | 9.5434e-06  | 0.0207317   |
+---------+-------------+------------+------------+-------------+-------------+
|     500 |  0.989597   | 0.0100587  | 0.0100491  | 9.60076e-06 | 0.0166667   |
+---------+-------------+------------+------------+-------------+-------------+
|     600 |  0.989842   | 0.00982222 | 0.00981258 | 9.64749e-06 | 0.0139344   |
+---------+-------------+------------+------------+-------------+-------------+
|     700 |  0.990055   | 0.00961664 | 0.00960695 | 9.69221e-06 | 0.0119718   |
+---------+-------------+------------+------------+-------------+-------------+
|     800 |  0.990207   | 0.00946964 | 0.00945991 | 9.73206e-06 | 0.0104938   |
+---------+-------------+------------+------------+-------------+-------------+
|     900 |  0.990361   | 0.00932088 | 0.00931112 | 9.7681e-06  | 0.00934066  |
+---------+-------------+------------+------------+-------------+-------------+
|    1000 |  0.99049    | 0.00919689 | 0.00918709 | 9.80152e-06 | 0.00841584  |
+---------+-------------+------------+------------+-------------+-------------+
|    1100 |  0.990583   | 0.00910647 | 0.00909664 | 9.83069e-06 | 0.00765766  |
+---------+-------------+------------+------------+-------------+-------------+
|    1200 |  0.990658   | 0.00903424 | 0.00902438 | 9.85581e-06 | 0.00702479  |
+---------+-------------+------------+------------+-------------+-------------+
|    1300 |  0.990724   | 0.00897084 | 0.00896096 | 9.87758e-06 | 0.00648855  |
+---------+-------------+------------+------------+-------------+-------------+
|    1400 |  0.990781   | 0.0089156  | 0.0089057  | 9.89613e-06 | 0.00602837  |
+---------+-------------+------------+------------+-------------+-------------+
|    1500 |  0.990832   | 0.00886633 | 0.00885641 | 9.91257e-06 | 0.00562914  |
+---------+-------------+------------+------------+-------------+-------------+
|    1600 |  0.990879   | 0.00882044 | 0.00881051 | 9.92734e-06 | 0.0052795   |
+---------+-------------+------------+------------+-------------+-------------+
|    1700 |  0.990925   | 0.00877669 | 0.00876675 | 9.94161e-06 | 0.00497076  |
+---------+-------------+------------+------------+-------------+-------------+
|    1800 |  0.990967   | 0.00873576 | 0.0087258  | 9.95485e-06 | 0.00469613  |
+---------+-------------+------------+------------+-------------+-------------+
|    1900 |  0.991007   | 0.00869708 | 0.00868711 | 9.96708e-06 | 0.00445026  |
+---------+-------------+------------+------------+-------------+-------------+
|    2000 |  0.991046   | 0.00865972 | 0.00864974 | 9.97875e-06 | 0.00422886  |
+---------+-------------+------------+------------+-------------+-------------+
|    2100 |  0.991085   | 0.00862222 | 0.00861223 | 9.99079e-06 | 0.00402844  |
+---------+-------------+------------+------------+-------------+-------------+
|    2200 |  0.991121   | 0.00858679 | 0.00857679 | 1.00031e-05 | 0.00384615  |
+---------+-------------+------------+------------+-------------+-------------+
|    2300 |  0.991156   | 0.00855299 | 0.00854297 | 1.00148e-05 | 0.00367965  |
+---------+-------------+------------+------------+-------------+-------------+
|    2400 |  0.991191   | 0.00851994 | 0.00850991 | 1.00261e-05 | 0.00352697  |
+---------+-------------+------------+------------+-------------+-------------+
|    2500 |  0.991224   | 0.00848747 | 0.00847743 | 1.00366e-05 | 0.00338645  |
+---------+-------------+------------+------------+-------------+-------------+
|    2600 |  0.991263   | 0.00845042 | 0.00844037 | 1.00472e-05 | 0.0032567   |
+---------+-------------+------------+------------+-------------+-------------+
|    2700 |  0.991297   | 0.00841758 | 0.00840752 | 1.00573e-05 | 0.00313653  |
+---------+-------------+------------+------------+-------------+-------------+
|    2800 |  0.991326   | 0.00838919 | 0.00837912 | 1.00666e-05 | 0.00302491  |
+---------+-------------+------------+------------+-------------+-------------+
|    2900 |  0.991353   | 0.00836315 | 0.00835307 | 1.00755e-05 | 0.00292096  |
+---------+-------------+------------+------------+-------------+-------------+
|    3000 |  0.991384   | 0.00833332 | 0.00832323 | 1.00842e-05 | 0.00282392  |
+---------+-------------+------------+------------+-------------+-------------+
|    3100 |  0.991412   | 0.00830592 | 0.00829582 | 1.00924e-05 | 0.00273312  |
+---------+-------------+------------+------------+-------------+-------------+
|    3200 |  0.991436   | 0.00828314 | 0.00827304 | 1.01002e-05 | 0.00264798  |
+---------+-------------+------------+------------+-------------+-------------+
|    3300 |  0.991458   | 0.00826207 | 0.00825196 | 1.01077e-05 | 0.00256798  |
+---------+-------------+------------+------------+-------------+-------------+
|    3400 |  0.991478   | 0.00824211 | 0.00823199 | 1.01149e-05 | 0.00249267  |
+---------+-------------+------------+------------+-------------+-------------+
|    3500 |  0.991498   | 0.00822275 | 0.00821262 | 1.01219e-05 | 0.00242165  |
+---------+-------------+------------+------------+-------------+-------------+
|    3600 |  0.991517   | 0.00820458 | 0.00819445 | 1.01287e-05 | 0.00235457  |
+---------+-------------+------------+------------+-------------+-------------+
|    3700 |  0.991535   | 0.00818728 | 0.00817715 | 1.01353e-05 | 0.00229111  |
+---------+-------------+------------+------------+-------------+-------------+
|    3800 |  0.991552   | 0.00817069 | 0.00816055 | 1.01417e-05 | 0.00223097  |
+---------+-------------+------------+------------+-------------+-------------+
|    3900 |  0.991569   | 0.00815488 | 0.00814473 | 1.01479e-05 | 0.00217391  |
+---------+-------------+------------+------------+-------------+-------------+
|    4000 |  0.991584   | 0.00813985 | 0.0081297  | 1.01537e-05 | 0.0021197   |
+---------+-------------+------------+------------+-------------+-------------+
|    4100 |  0.991599   | 0.00812534 | 0.00811518 | 1.01594e-05 | 0.00206813  |
+---------+-------------+------------+------------+-------------+-------------+
|    4200 |  0.991614   | 0.00811127 | 0.00810111 | 1.01649e-05 | 0.002019    |
+---------+-------------+------------+------------+-------------+-------------+
|    4300 |  0.991628   | 0.00809762 | 0.00808745 | 1.01701e-05 | 0.00197216  |
+---------+-------------+------------+------------+-------------+-------------+
|    4400 |  0.991642   | 0.00808436 | 0.00807418 | 1.01752e-05 | 0.00192744  |
+---------+-------------+------------+------------+-------------+-------------+
|    4500 |  0.991655   | 0.00807149 | 0.00806131 | 1.01801e-05 | 0.0018847   |
+---------+-------------+------------+------------+-------------+-------------+
|    4600 |  0.991668   | 0.00805896 | 0.00804878 | 1.0185e-05  | 0.00184382  |
+---------+-------------+------------+------------+-------------+-------------+
|    4700 |  0.991681   | 0.00804668 | 0.00803649 | 1.01897e-05 | 0.00180467  |
+---------+-------------+------------+------------+-------------+-------------+
|    4800 |  0.991693   | 0.00803473 | 0.00802453 | 1.01943e-05 | 0.00176715  |
+---------+-------------+------------+------------+-------------+-------------+
|    4900 |  0.991705   | 0.00802322 | 0.00801302 | 1.01987e-05 | 0.00173116  |
+---------+-------------+------------+------------+-------------+-------------+
|    5000 |  0.991717   | 0.00801198 | 0.00800177 | 1.02029e-05 | 0.00169661  |
+---------+-------------+------------+------------+-------------+-------------+
|    5100 |  0.991728   | 0.00800103 | 0.00799082 | 1.0207e-05  | 0.00166341  |
+---------+-------------+------------+------------+-------------+-------------+
|    5200 |  0.991739   | 0.00799029 | 0.00798008 | 1.02111e-05 | 0.00163148  |
+---------+-------------+------------+------------+-------------+-------------+
|    5300 |  0.99175    | 0.00797982 | 0.0079696  | 1.02151e-05 | 0.00160075  |
+---------+-------------+------------+------------+-------------+-------------+
|    5400 |  0.99176    | 0.00796958 | 0.00795936 | 1.0219e-05  | 0.00157116  |
+---------+-------------+------------+------------+-------------+-------------+
|    5500 |  0.991772   | 0.00795817 | 0.00794795 | 1.02228e-05 | 0.00154265  |
+---------+-------------+------------+------------+-------------+-------------+
|    5600 |  0.991785   | 0.00794558 | 0.00793535 | 1.02268e-05 | 0.00151515  |
+---------+-------------+------------+------------+-------------+-------------+
|    5700 |  0.9918     | 0.00793177 | 0.00792154 | 1.02306e-05 | 0.00148862  |
+---------+-------------+------------+------------+-------------+-------------+
|    5800 |  0.991815   | 0.00791725 | 0.00790702 | 1.02344e-05 | 0.00146299  |
+---------+-------------+------------+------------+-------------+-------------+
|    5900 |  0.991829   | 0.0079036  | 0.00789337 | 1.02382e-05 | 0.00143824  |
+---------+-------------+------------+------------+-------------+-------------+
|    6000 |  0.991842   | 0.00789052 | 0.00788028 | 1.0242e-05  | 0.00141431  |
+---------+-------------+------------+------------+-------------+-------------+
|    6100 |  0.991856   | 0.0078777  | 0.00786745 | 1.02458e-05 | 0.00139116  |
+---------+-------------+------------+------------+-------------+-------------+
|    6200 |  0.991869   | 0.0078649  | 0.00785465 | 1.02497e-05 | 0.00136876  |
+---------+-------------+------------+------------+-------------+-------------+
|    6300 |  0.991882   | 0.00785252 | 0.00784227 | 1.02535e-05 | 0.00134707  |
+---------+-------------+------------+------------+-------------+-------------+
|    6400 |  0.991894   | 0.00784097 | 0.00783071 | 1.02574e-05 | 0.00132605  |
+---------+-------------+------------+------------+-------------+-------------+
|    6500 |  0.991905   | 0.00783002 | 0.00781976 | 1.02612e-05 | 0.00130568  |
+---------+-------------+------------+------------+-------------+-------------+
|    6600 |  0.991916   | 0.00781939 | 0.00780912 | 1.02651e-05 | 0.00128593  |
+---------+-------------+------------+------------+-------------+-------------+
|    6700 |  0.991927   | 0.00780897 | 0.00779871 | 1.02689e-05 | 0.00126677  |
+---------+-------------+------------+------------+-------------+-------------+
|    6800 |  0.99194    | 0.00779628 | 0.007786   | 1.02726e-05 | 0.00124816  |
+---------+-------------+------------+------------+-------------+-------------+
|    6900 |  0.991953   | 0.00778371 | 0.00777344 | 1.02763e-05 | 0.0012301   |
+---------+-------------+------------+------------+-------------+-------------+
|    7000 |  0.991966   | 0.00777155 | 0.00776127 | 1.028e-05   | 0.00121255  |
+---------+-------------+------------+------------+-------------+-------------+
|    7100 |  0.991978   | 0.0077592  | 0.00774891 | 1.02836e-05 | 0.0011955   |
+---------+-------------+------------+------------+-------------+-------------+
|    7200 |  0.991991   | 0.00774667 | 0.00773638 | 1.02871e-05 | 0.00117892  |
+---------+-------------+------------+------------+-------------+-------------+
|    7300 |  0.992004   | 0.00773448 | 0.00772419 | 1.02906e-05 | 0.00116279  |
+---------+-------------+------------+------------+-------------+-------------+
|    7400 |  0.992016   | 0.00772258 | 0.00771229 | 1.0294e-05  | 0.0011471   |
+---------+-------------+------------+------------+-------------+-------------+
|    7500 |  0.992028   | 0.00771092 | 0.00770062 | 1.02974e-05 | 0.00113182  |
+---------+-------------+------------+------------+-------------+-------------+
|    7600 |  0.99204    | 0.00769952 | 0.00768922 | 1.03008e-05 | 0.00111695  |
+---------+-------------+------------+------------+-------------+-------------+
|    7700 |  0.992052   | 0.00768837 | 0.00767806 | 1.03041e-05 | 0.00110246  |
+---------+-------------+------------+------------+-------------+-------------+
|    7800 |  0.992063   | 0.00767743 | 0.00766713 | 1.03074e-05 | 0.00108835  |
+---------+-------------+------------+------------+-------------+-------------+
|    7900 |  0.992074   | 0.00766672 | 0.00765641 | 1.03106e-05 | 0.00107459  |
+---------+-------------+------------+------------+-------------+-------------+
|    8000 |  0.992085   | 0.00765623 | 0.00764591 | 1.03138e-05 | 0.00106117  |
+---------+-------------+------------+------------+-------------+-------------+
|    8100 |  0.992096   | 0.00764592 | 0.0076356  | 1.03169e-05 | 0.00104809  |
+---------+-------------+------------+------------+-------------+-------------+
|    8200 |  0.992106   | 0.00763581 | 0.00762549 | 1.032e-05   | 0.00103532  |
+---------+-------------+------------+------------+-------------+-------------+
|    8300 |  0.992116   | 0.00762587 | 0.00761555 | 1.03231e-05 | 0.00102286  |
+---------+-------------+------------+------------+-------------+-------------+
|    8400 |  0.992126   | 0.00761613 | 0.00760581 | 1.03261e-05 | 0.0010107   |
+---------+-------------+------------+------------+-------------+-------------+
|    8500 |  0.992136   | 0.00760654 | 0.00759621 | 1.03291e-05 | 0.000998825 |
+---------+-------------+------------+------------+-------------+-------------+
|    8600 |  0.992146   | 0.00759711 | 0.00758678 | 1.0332e-05  | 0.000987224 |
+---------+-------------+------------+------------+-------------+-------------+
|    8700 |  0.992156   | 0.00758784 | 0.0075775  | 1.03349e-05 | 0.00097589  |
+---------+-------------+------------+------------+-------------+-------------+
|    8800 |  0.992165   | 0.00757874 | 0.0075684  | 1.03378e-05 | 0.000964813 |
+---------+-------------+------------+------------+-------------+-------------+
|    8900 |  0.992174   | 0.00756982 | 0.00755948 | 1.03407e-05 | 0.000953984 |
+---------+-------------+------------+------------+-------------+-------------+
|    9000 |  0.992183   | 0.00756106 | 0.00755072 | 1.03435e-05 | 0.000943396 |
+---------+-------------+------------+------------+-------------+-------------+
|    9100 |  0.992192   | 0.00755244 | 0.00754209 | 1.03464e-05 | 0.000933041 |
+---------+-------------+------------+------------+-------------+-------------+
|    9200 |  0.992201   | 0.00754396 | 0.00753361 | 1.03492e-05 | 0.00092291  |
+---------+-------------+------------+------------+-------------+-------------+
|    9300 |  0.99221    | 0.00753562 | 0.00752526 | 1.03519e-05 | 0.000912997 |
+---------+-------------+------------+------------+-------------+-------------+
|    9400 |  0.992218   | 0.00752738 | 0.00751702 | 1.03547e-05 | 0.000903294 |
+---------+-------------+------------+------------+-------------+-------------+
|    9500 |  0.992227   | 0.00751928 | 0.00750892 | 1.03574e-05 | 0.000893796 |
+---------+-------------+------------+------------+-------------+-------------+
|    9600 |  0.992235   | 0.00751129 | 0.00750093 | 1.03601e-05 | 0.000884495 |
+---------+-------------+------------+------------+-------------+-------------+
|    9700 |  0.992243   | 0.00750341 | 0.00749305 | 1.03627e-05 | 0.000875386 |
+---------+-------------+------------+------------+-------------+-------------+
|    9800 |  0.992251   | 0.00749565 | 0.00748529 | 1.03653e-05 | 0.000866463 |
+---------+-------------+------------+------------+-------------+-------------+
|    9900 |  0.992259   | 0.007488   | 0.00747763 | 1.03679e-05 | 0.000857719 |
+---------+-------------+------------+------------+-------------+-------------+
|   10000 |  0.992267   | 0.00748038 | 0.00747001 | 1.03705e-05 | 0.000849151 |
+---------+-------------+------------+------------+-------------+-------------+

Abbreviations:
R^2: Coefficient of determination(Accuracy)
TotLoss: total loss (Loss + Regloss)
Regloss: regularization loss
lR: learning rate
