Resultant centroid coordinates of the cluster:

X_coordinate: [-1.63279442 -0.79521455  8.78279505],
y_coordinate: [ 2.17135774 -1.25991919  0.63161364] 

Resultant dataset:

+------------+-------------+------------------+------------------+------------------+-----------+
|        PC1 |         PC2 |   Dist_Centroid1 |   Dist_Centroid2 |   Dist_Centroid3 |   Cluster |
+============+=============+==================+==================+==================+===========+
|  2.10257   |  2.69607    |         3.77204  |        4.90377   |         6.99195  |         1 |
+------------+-------------+------------------+------------------+------------------+-----------+
|  2.3719    |  1.421      |         4.07438  |        4.14945   |         6.45932  |         1 |
+------------+-------------+------------------+------------------+------------------+-----------+
|  2.29448   |  2.53412    |         3.94399  |        4.89294   |         6.76149  |         1 |
+------------+-------------+------------------+------------------+------------------+-----------+
|  2.16865   |  2.90801    |         3.87217  |        5.11431   |         6.99492  |         1 |
+------------+-------------+------------------+------------------+------------------+-----------+
|  2.34179   |  3.20571    |         4.10697  |        5.45735   |         6.93631  |         1 |
+------------+-------------+------------------+------------------+------------------+-----------+
|  2.14115   |  3.35744    |         3.95594  |        5.47195   |         7.17925  |         1 |
+------------+-------------+------------------+------------------+------------------+-----------+
|  2.09628   |  3.09782    |         3.84244  |        5.22979   |         7.12682  |         1 |
+------------+-------------+------------------+------------------+------------------+-----------+
|  2.1102    |  2.8926     |         3.81185  |        5.06802   |         7.04525  |         1 |
+------------+-------------+------------------+------------------+------------------+-----------+
|  2.41282   |  1.77799    |         4.06469  |        4.41818   |         6.47231  |         1 |
+------------+-------------+------------------+------------------+------------------+-----------+
|  2.2701    |  3.51957    |         4.1292   |        5.678     |         7.12428  |         1 |
+------------+-------------+------------------+------------------+------------------+-----------+
|  2.06906   |  3.87441    |         4.07482  |        5.87924   |         7.45586  |         1 |
+------------+-------------+------------------+------------------+------------------+-----------+
| -1.58463   |  2.99095    |         0.821009 |        4.32355   |        10.6325   |         1 |
+------------+-------------+------------------+------------------+------------------+-----------+
| -1.61122   |  2.93372    |         0.762669 |        4.27229   |        10.6459   |         1 |
+------------+-------------+------------------+------------------+------------------+-----------+
| -1.58996   |  1.86188    |         0.312429 |        3.22137   |        10.4455   |         1 |
+------------+-------------+------------------+------------------+------------------+-----------+
| -1.3709    |  0.912844   |         1.28548  |        2.24773   |        10.1576   |         1 |
+------------+-------------+------------------+------------------+------------------+-----------+
| -1.60943   |  2.63053    |         0.459769 |        3.97474   |        10.5827   |         1 |
+------------+-------------+------------------+------------------+------------------+-----------+
| -1.3331    |  1.80284    |         0.474997 |        3.10963   |        10.1835   |         1 |
+------------+-------------+------------------+------------------+------------------+-----------+
| -1.62127   |  2.54824    |         0.377058 |        3.89672   |        10.5791   |         1 |
+------------+-------------+------------------+------------------+------------------+-----------+
| -1.50253   |  1.88331    |         0.316132 |        3.22183   |        10.3612   |         1 |
+------------+-------------+------------------+------------------+------------------+-----------+
| -1.71584   |  3.03446    |         0.86709  |        4.39195   |        10.7701   |         1 |
+------------+-------------+------------------+------------------+------------------+-----------+
| -1.61722   |  3.43757    |         1.26631  |        4.76887   |        10.7719   |         1 |
+------------+-------------+------------------+------------------+------------------+-----------+
| -1.70772   |  2.50688    |         0.343788 |        3.87575   |        10.6568   |         1 |
+------------+-------------+------------------+------------------+------------------+-----------+
| -1.37031   |  1.9611     |         0.336314 |        3.27196   |        10.2398   |         1 |
+------------+-------------+------------------+------------------+------------------+-----------+
| -1.66489   |  2.94731    |         0.776614 |        4.29617   |        10.7012   |         1 |
+------------+-------------+------------------+------------------+------------------+-----------+
| -1.69148   |  2.89008    |         0.721111 |        4.24568   |        10.715    |         1 |
+------------+-------------+------------------+------------------+------------------+-----------+
| -1.67022   |  1.81823    |         0.355101 |        3.2001    |        10.5202   |         1 |
+------------+-------------+------------------+------------------+------------------+-----------+
| -1.45116   |  0.869199   |         1.31477  |        2.22787   |        10.2367   |         1 |
+------------+-------------+------------------+------------------+------------------+-----------+
| -1.68969   |  2.58689    |         0.419408 |        3.94943   |        10.6535   |         1 |
+------------+-------------+------------------+------------------+------------------+-----------+
| -1.41336   |  1.7592     |         0.466935 |        3.08175   |        10.2583   |         1 |
+------------+-------------+------------------+------------------+------------------+-----------+
| -1.70153   |  2.50459    |         0.340252 |        3.87208   |        10.6503   |         1 |
+------------+-------------+------------------+------------------+------------------+-----------+
| -1.58279   |  1.83967    |         0.335438 |        3.19808   |        10.4357   |         1 |
+------------+-------------+------------------+------------------+------------------+-----------+
| -1.7961    |  2.99082    |         0.835572 |        4.36698   |        10.8388   |         1 |
+------------+-------------+------------------+------------------+------------------+-----------+
| -1.69748   |  3.39393    |         1.22428  |        4.7405    |        10.8382   |         1 |
+------------+-------------+------------------+------------------+------------------+-----------+
| -1.78798   |  2.46324    |         0.330569 |        3.85324   |        10.7283   |         1 |
+------------+-------------+------------------+------------------+------------------+-----------+
| -1.45057   |  1.91745    |         0.312526 |        3.24425   |        10.3138   |         1 |
+------------+-------------+------------------+------------------+------------------+-----------+
| -1.74515   |  2.90366    |         0.740874 |        4.27057   |        10.7703   |         1 |
+------------+-------------+------------------+------------------+------------------+-----------+
| -1.77174   |  2.84643    |         0.689226 |        4.22087   |        10.7844   |         1 |
+------------+-------------+------------------+------------------+------------------+-----------+
| -1.75048   |  1.77459    |         0.413854 |        3.18132   |        10.5951   |         1 |
+------------+-------------+------------------+------------------+------------------+-----------+
| -1.53142   |  0.825554   |         1.34962  |        2.21161   |        10.316    |         1 |
+------------+-------------+------------------+------------------+------------------+-----------+
| -1.76995   |  2.54324    |         0.396374 |        3.92609   |        10.7245   |         1 |
+------------+-------------+------------------+------------------+------------------+-----------+
| -1.49362   |  1.71555    |         0.47658  |        3.05634   |        10.3334   |         1 |
+------------+-------------+------------------+------------------+------------------+-----------+
| -1.78179   |  2.46095    |         0.325674 |        3.84944   |        10.7218   |         1 |
+------------+-------------+------------------+------------------+------------------+-----------+
| -1.66305   |  1.79602    |         0.376552 |        3.17678   |        10.5105   |         1 |
+------------+-------------+------------------+------------------+------------------+-----------+
| -1.87636   |  2.94717    |         0.813149 |        4.34379   |        10.9078   |         1 |
+------------+-------------+------------------+------------------+------------------+-----------+
| -1.77774   |  3.35028    |         1.1878   |        4.71374   |        10.9049   |         1 |
+------------+-------------+------------------+------------------+------------------+-----------+
| -1.86824   |  2.41959    |         0.342133 |        3.83278   |        10.8001   |         1 |
+------------+-------------+------------------+------------------+------------------+-----------+
| -1.53083   |  1.87381    |         0.314534 |        3.21891   |        10.3882   |         1 |
+------------+-------------+------------------+------------------+------------------+-----------+
| -2.07116   |  2.09081    |         0.445701 |        3.58545   |        10.9516   |         1 |
+------------+-------------+------------------+------------------+------------------+-----------+
| -2.20584   |  3.48451    |         1.43274  |        4.94969   |        11.3529   |         1 |
+------------+-------------+------------------+------------------+------------------+-----------+
| -1.65556   |  0.290138   |         1.88136  |        1.77281   |        10.4439   |         2 |
+------------+-------------+------------------+------------------+------------------+-----------+
| -2.13491   |  3.56154    |         1.47809  |        5.00413   |        11.304    |         1 |
+------------+-------------+------------------+------------------+------------------+-----------+
| -2.07314   |  4.07103    |         1.95004  |        5.48198   |        11.3878   |         1 |
+------------+-------------+------------------+------------------+------------------+-----------+
| -2.24111   |  2.91904    |         0.963889 |        4.42203   |        11.2587   |         1 |
+------------+-------------+------------------+------------------+------------------+-----------+
| -1.95945   |  0.471787   |         1.73068  |        2.08668   |        10.7434   |         1 |
+------------+-------------+------------------+------------------+------------------+-----------+
| -2.01716   |  1.98347    |         0.427832 |        3.46594   |        10.8842   |         1 |
+------------+-------------+------------------+------------------+------------------+-----------+
| -2.34956   |  3.9355     |         1.9042   |        5.42295   |        11.6123   |         1 |
+------------+-------------+------------------+------------------+------------------+-----------+
| -1.82225   |  1.19741    |         0.992205 |        2.66332   |        10.6201   |         1 |
+------------+-------------+------------------+------------------+------------------+-----------+
| -1.97319   |  1.8554     |         0.464434 |        3.3306    |        10.8254   |         1 |
+------------+-------------+------------------+------------------+------------------+-----------+
| -2.15142   |  2.04717    |         0.533285 |        3.57437   |        11.0255   |         1 |
+------------+-------------+------------------+------------------+------------------+-----------+
| -2.2861    |  3.44086    |         1.42775  |        4.93154   |        11.4198   |         1 |
+------------+-------------+------------------+------------------+------------------+-----------+
| -1.73582   |  0.246493   |         1.92762  |        1.77596   |        10.5257   |         2 |
+------------+-------------+------------------+------------------+------------------+-----------+
| -2.21517   |  3.5179     |         1.46708  |        4.98436   |        11.3704   |         1 |
+------------+-------------+------------------+------------------+------------------+-----------+
| -2.1534    |  4.02739    |         1.92766  |        5.45896   |        11.4513   |         1 |
+------------+-------------+------------------+------------------+------------------+-----------+
| -2.32137   |  2.8754     |         0.98479  |        4.40795   |        11.3286   |         1 |
+------------+-------------+------------------+------------------+------------------+-----------+
| -2.03971   |  0.428143   |         1.79008  |        2.09721   |        10.8244   |         1 |
+------------+-------------+------------------+------------------+------------------+-----------+
| -2.09742   |  1.93983    |         0.519121 |        3.45458   |        10.9586   |         1 |
+------------+-------------+------------------+------------------+------------------+-----------+
| -2.42982   |  3.89186    |         1.89615  |        5.40488   |        11.677    |         1 |
+------------+-------------+------------------+------------------+------------------+-----------+
| -1.90251   |  1.15376    |         1.05273  |        2.65556   |        10.6981   |         1 |
+------------+-------------+------------------+------------------+------------------+-----------+
| -2.05345   |  1.81176    |         0.553413 |        3.31939   |        10.9003   |         1 |
+------------+-------------+------------------+------------------+------------------+-----------+
| -2.23168   |  2.00352    |         0.621957 |        3.5656    |        11.0996   |         1 |
+------------+-------------+------------------+------------------+------------------+-----------+
| -2.36636   |  3.39722    |         1.42859  |        4.91502   |        11.4871   |         1 |
+------------+-------------+------------------+------------------+------------------+-----------+
| -1.81608   |  0.202849   |         1.97702  |        1.78378   |        10.6075   |         2 |
+------------+-------------+------------------+------------------+------------------+-----------+
| -2.29543   |  3.47425    |         1.46172  |        4.96619   |        11.4371   |         1 |
+------------+-------------+------------------+------------------+------------------+-----------+
| -2.23366   |  3.98374    |         1.90939  |        5.43738   |        11.5152   |         1 |
+------------+-------------+------------------+------------------+------------------+-----------+
| -2.40163   |  2.83175    |         1.01353  |        4.39572   |        11.3988   |         1 |
+------------+-------------+------------------+------------------+------------------+-----------+
| -2.11997   |  0.384498   |         1.85208  |        2.11165   |        10.9056   |         1 |
+------------+-------------+------------------+------------------+------------------+-----------+
| -2.17768   |  1.89618    |         0.610431 |        3.4456    |        11.0332   |         1 |
+------------+-------------+------------------+------------------+------------------+-----------+
| -2.51009   |  3.84821    |         1.89248  |        5.3883    |        11.742    |         1 |
+------------+-------------+------------------+------------------+------------------+-----------+
| -1.98277   |  1.11012    |         1.11746  |        2.65092   |        10.7762   |         1 |
+------------+-------------+------------------+------------------+------------------+-----------+
| -2.13371   |  1.76811    |         0.64306  |        3.31067   |        10.9755   |         1 |
+------------+-------------+------------------+------------------+------------------+-----------+
| -2.53077   |  2.10753    |         0.900237 |        3.78838   |        11.4094   |         1 |
+------------+-------------+------------------+------------------+------------------+-----------+
| -2.50831   |  3.10438    |         1.27947  |        4.68847   |        11.5587   |         1 |
+------------+-------------+------------------+------------------+------------------+-----------+
| -2.43177   |  3.80248    |         1.81629  |        5.32036   |        11.6542   |         1 |
+------------+-------------+------------------+------------------+------------------+-----------+
| -2.12347   |  2.05774    |         0.503656 |        3.57367   |        10.9991   |         1 |
+------------+-------------+------------------+------------------+------------------+-----------+
| -2.36613   |  2.5304     |         0.816514 |        4.10296   |        11.3095   |         1 |
+------------+-------------+------------------+------------------+------------------+-----------+
| -2.56779   |  2.46963    |         0.981416 |        4.12935   |        11.4984   |         1 |
+------------+-------------+------------------+------------------+------------------+-----------+
| -2.45439   |  3.08892    |         1.23164  |        4.65459   |        11.5027   |         1 |
+------------+-------------+------------------+------------------+------------------+-----------+
| -2.6598    |  3.53045    |         1.70349  |        5.14046   |        11.8041   |         1 |
+------------+-------------+------------------+------------------+------------------+-----------+
| -2.37005   |  1.30955    |         1.13413  |        3.01368   |        11.1734   |         1 |
+------------+-------------+------------------+------------------+------------------+-----------+
| -2.50457   |  2.96758    |         1.18067  |        4.56001   |        11.5266   |         1 |
+------------+-------------+------------------+------------------+------------------+-----------+
| -2.14985   |  0.829314   |         1.4382   |        2.48996   |        10.9344   |         1 |
+------------+-------------+------------------+------------------+------------------+-----------+
| -2.61103   |  2.06388    |         0.984118 |        3.78745   |        11.4835   |         1 |
+------------+-------------+------------------+------------------+------------------+-----------+
| -2.58857   |  3.06073    |         1.30556  |        4.67805   |        11.6279   |         1 |
+------------+-------------+------------------+------------------+------------------+-----------+
| -2.51203   |  3.75884    |         1.8147   |        5.30428   |        11.7197   |         1 |
+------------+-------------+------------------+------------------+------------------+-----------+
| -2.20373   |  2.0141     |         0.592196 |        3.56414   |        11.0732   |         1 |
+------------+-------------+------------------+------------------+------------------+-----------+
| -2.44639   |  2.48675    |         0.872593 |        4.09438   |        11.3814   |         1 |
+------------+-------------+------------------+------------------+------------------+-----------+
| -2.64805   |  2.42598    |         1.0467   |        4.12539   |        11.5708   |         1 |
+------------+-------------+------------------+------------------+------------------+-----------+
| -2.53465   |  3.04527    |         1.25582  |        4.64331   |        11.572    |         1 |
+------------+-------------+------------------+------------------+------------------+-----------+
| -2.74006   |  3.48681    |         1.71943  |        5.1297    |        11.8713   |         1 |
+------------+-------------+------------------+------------------+------------------+-----------+
| -2.45031   |  1.2659     |         1.21991  |        3.01979   |        11.251    |         1 |
+------------+-------------+------------------+------------------+------------------+-----------+
| -2.58483   |  2.92394    |         1.21357  |        4.55054   |        11.5965   |         1 |
+------------+-------------+------------------+------------------+------------------+-----------+
| -2.23011   |  0.785669   |         1.50895  |        2.49867   |        11.014    |         1 |
+------------+-------------+------------------+------------------+------------------+-----------+
| -2.69129   |  2.02024    |         1.06923  |        3.78873   |        11.5578   |         1 |
+------------+-------------+------------------+------------------+------------------+-----------+
| -2.66883   |  3.01709    |         1.33739  |        4.66939   |        11.6974   |         1 |
+------------+-------------+------------------+------------------+------------------+-----------+
| -2.59229   |  3.71519    |         1.8177   |        5.28972   |        11.7856   |         1 |
+------------+-------------+------------------+------------------+------------------+-----------+
| -2.28399   |  1.97045    |         0.681482 |        3.55693   |        11.1475   |         1 |
+------------+-------------+------------------+------------------+------------------+-----------+
| -2.52665   |  2.44311    |         0.934256 |        4.08782   |        11.4536   |         1 |
+------------+-------------+------------------+------------------+------------------+-----------+
| -2.72831   |  2.38234    |         1.11565  |        4.12346   |        11.6435   |         1 |
+------------+-------------+------------------+------------------+------------------+-----------+
| -2.61491   |  3.00163    |         1.28604  |        4.6338    |        11.6415   |         1 |
+------------+-------------+------------------+------------------+------------------+-----------+
| -2.82033   |  3.44316    |         1.74003  |        5.12055   |        11.9389   |         1 |
+------------+-------------+------------------+------------------+------------------+-----------+
| -2.53057   |  1.22226    |         1.30644  |        3.02864   |        11.3288   |         1 |
+------------+-------------+------------------+------------------+------------------+-----------+
| -2.66509   |  2.88029    |         1.25229  |        4.54288   |        11.6667   |         1 |
+------------+-------------+------------------+------------------+------------------+-----------+
| -2.31037   |  0.742024   |         1.5818   |        2.51067   |        11.0937   |         1 |
+------------+-------------+------------------+------------------+------------------+-----------+
| -1.1005    | -0.131682   |         2.36375  |        1.16881   |         9.91272  |         2 |
+------------+-------------+------------------+------------------+------------------+-----------+
| -0.810569  | -1.52111    |         3.78291  |        0.261643  |         9.83193  |         2 |
+------------+-------------+------------------+------------------+------------------+-----------+
| -0.769403  | -1.95752    |         4.21819  |        0.69808   |         9.89687  |         2 |
+------------+-------------+------------------+------------------+------------------+-----------+
| -1.07361   | -0.368234   |         2.60043  |        0.934134  |         9.90699  |         2 |
+------------+-------------+------------------+------------------+------------------+-----------+
| -0.660762  | -1.70745    |         3.99875  |        0.467293  |         9.72893  |         2 |
+------------+-------------+------------------+------------------+------------------+-----------+
| -0.896669  | -1.45566    |         3.70096  |        0.220467  |         9.90196  |         2 |
+------------+-------------+------------------+------------------+------------------+-----------+
| -0.8907    | -1.68343    |         3.92557  |        0.434146  |         9.94666  |         2 |
+------------+-------------+------------------+------------------+------------------+-----------+
| -0.844381  | -1.1492     |         3.41287  |        0.121149  |         9.7905   |         2 |
+------------+-------------+------------------+------------------+------------------+-----------+
| -1.18076   | -0.175327   |         2.38983  |        1.15108   |         9.99618  |         2 |
+------------+-------------+------------------+------------------+------------------+-----------+
| -0.89083   | -1.56476    |         3.80908  |        0.31948   |         9.91983  |         2 |
+------------+-------------+------------------+------------------+------------------+-----------+
| -0.849663  | -2.00117    |         4.24538  |        0.743244  |         9.98578  |         2 |
+------------+-------------+------------------+------------------+------------------+-----------+
| -1.15387   | -0.411879   |         2.62726  |        0.920765  |         9.99131  |         2 |
+------------+-------------+------------------+------------------+------------------+-----------+
| -0.741022  | -1.7511     |         4.02255  |        0.494158  |         9.81735  |         2 |
+------------+-------------+------------------+------------------+------------------+-----------+
| -0.97693   | -1.4993     |         3.72879  |        0.300539  |         9.98965  |         2 |
+------------+-------------+------------------+------------------+------------------+-----------+
| -0.970961  | -1.72708    |         3.95422  |        0.499125  |        10.0349   |         2 |
+------------+-------------+------------------+------------------+------------------+-----------+
| -0.924642  | -1.19284    |         3.43792  |        0.145777  |         9.8774   |         2 |
+------------+-------------+------------------+------------------+------------------+-----------+
| -1.26102   | -0.218972   |         2.41907  |        1.14041   |        10.0798   |         2 |
+------------+-------------+------------------+------------------+------------------+-----------+
| -0.97109   | -1.6084     |         3.83724  |        0.390348  |        10.0078   |         2 |
+------------+-------------+------------------+------------------+------------------+-----------+
| -0.929924  | -2.04481    |         4.27435  |        0.796368  |        10.0747   |         2 |
+------------+-------------+------------------+------------------+------------------+-----------+
| -1.23413   | -0.455524   |         2.65696  |        0.916352  |        10.0757   |         2 |
+------------+-------------+------------------+------------------+------------------+-----------+
| -0.821283  | -1.79474    |         4.04827  |        0.535457  |         9.90583  |         2 |
+------------+-------------+------------------+------------------+------------------+-----------+
| -1.05719   | -1.54295    |         3.75864  |        0.385662  |        10.0774   |         2 |
+------------+-------------+------------------+------------------+------------------+-----------+
| -1.05122   | -1.77072    |         3.98475  |        0.571368  |        10.1232   |         2 |
+------------+-------------+------------------+------------------+------------------+-----------+
| -1.0049    | -1.23649    |         3.4652   |        0.210993  |         9.96438  |         2 |
+------------+-------------+------------------+------------------+------------------+-----------+
| -0.418433  | -1.02925    |         3.42324  |        0.441784  |         9.34992  |         2 |
+------------+-------------+------------------+------------------+------------------+-----------+
| -0.677749  | -1.37631    |         3.67397  |        0.165364  |         9.67128  |         2 |
+------------+-------------+------------------+------------------+------------------+-----------+
| -0.511573  | -2.04348    |         4.36142  |        0.833322  |         9.67168  |         2 |
+------------+-------------+------------------+------------------+------------------+-----------+
| -0.381739  | -0.925821   |         3.34031  |        0.531586  |         9.29593  |         2 |
+------------+-------------+------------------+------------------+------------------+-----------+
| -0.464511  | -0.97556    |         3.35678  |        0.436148  |         9.38593  |         2 |
+------------+-------------+------------------+------------------+------------------+-----------+
| -0.428254  | -1.213      |         3.59232  |        0.369948  |         9.39393  |         2 |
+------------+-------------+------------------+------------------+------------------+-----------+
| -0.42369   | -1.07362    |         3.46292  |        0.415617  |         9.36308  |         2 |
+------------+-------------+------------------+------------------+------------------+-----------+
| -0.383617  | -1.38769    |         3.77191  |        0.430974  |         9.3862   |         2 |
+------------+-------------+------------------+------------------+------------------+-----------+
| -0.718461  | -0.365434   |         2.69654  |        0.897772  |         9.55343  |         2 |
+------------+-------------+------------------+------------------+------------------+-----------+
| -0.362611  | -1.52988    |         3.91312  |        0.509925  |         9.39737  |         2 |
+------------+-------------+------------------+------------------+------------------+-----------+
| -0.745583  |  0.658423   |         1.75389  |        1.91898   |         9.52842  |         1 |
+------------+-------------+------------------+------------------+------------------+-----------+
| -0.502028  | -1.74636    |         4.07764  |        0.567965  |         9.5845   |         2 |
+------------+-------------+------------------+------------------+------------------+-----------+
| -0.561391  | -1.76105    |         4.07575  |        0.553001  |         9.64566  |         2 |
+------------+-------------+------------------+------------------+------------------+-----------+
| -0.393794  | -0.821045   |         3.23876  |        0.594768  |         9.29086  |         2 |
+------------+-------------+------------------+------------------+------------------+-----------+
| -0.498693  | -1.07289    |         3.43676  |        0.350576  |         9.4367   |         2 |
+------------+-------------+------------------+------------------+------------------+-----------+
| -0.758009  | -1.41996    |         3.69632  |        0.164305  |         9.75889  |         2 |
+------------+-------------+------------------+------------------+------------------+-----------+
| -0.591833  | -2.08713    |         4.38387  |        0.851844  |         9.7609   |         2 |
+------------+-------------+------------------+------------------+------------------+-----------+
| -0.462     | -0.969466   |         3.35195  |        0.442035  |         9.38241  |         2 |
+------------+-------------+------------------+------------------+------------------+-----------+
| -0.544771  | -1.0192     |         3.37098  |        0.347369  |         9.47252  |         2 |
+------------+-------------+------------------+------------------+------------------+-----------+
| -0.508514  | -1.25664    |         3.60766  |        0.286719  |         9.48124  |         2 |
+------------+-------------+------------------+------------------+------------------+-----------+
| -0.50395   | -1.11727    |         3.47697  |        0.324322  |         9.44999  |         2 |
+------------+-------------+------------------+------------------+------------------+-----------+
| -0.463877  | -1.43134    |         3.78758  |        0.373052  |         9.474    |         2 |
+------------+-------------+------------------+------------------+------------------+-----------+
| -0.798721  | -0.409079   |         2.71189  |        0.850847  |         9.63787  |         2 |
+------------+-------------+------------------+------------------+------------------+-----------+
| -0.442871  | -1.57352    |         3.92938  |        0.471691  |         9.48554  |         2 |
+------------+-------------+------------------+------------------+------------------+-----------+
| -0.825844  |  0.614778   |         1.75331  |        1.87495   |         9.60865  |         1 |
+------------+-------------+------------------+------------------+------------------+-----------+
| -0.582288  | -1.79001    |         4.09829  |        0.571253  |         9.67311  |         2 |
+------------+-------------+------------------+------------------+------------------+-----------+
| -0.641652  | -1.8047     |         4.09773  |        0.56601   |         9.73426  |         2 |
+------------+-------------+------------------+------------------+------------------+-----------+
| -0.474055  | -0.864689   |         3.24966  |        0.509264  |         9.377    |         2 |
+------------+-------------+------------------+------------------+------------------+-----------+
| -0.578954  | -1.11654    |         3.45266  |        0.259474  |         9.52357  |         2 |
+------------+-------------+------------------+------------------+------------------+-----------+
| -0.83827   | -1.4636     |         3.72078  |        0.208183  |         9.84656  |         2 |
+------------+-------------+------------------+------------------+------------------+-----------+
| -0.672094  | -2.13077    |         4.40809  |        0.879514  |         9.85016  |         2 |
+------------+-------------+------------------+------------------+------------------+-----------+
| -0.54226   | -1.01311    |         3.36602  |        0.353412  |         9.46899  |         2 |
+------------+-------------+------------------+------------------+------------------+-----------+
| -0.625032  | -1.06285    |         3.38758  |        0.260382  |         9.55921  |         2 |
+------------+-------------+------------------+------------------+------------------+-----------+
| -0.588775  | -1.30029    |         3.62523  |        0.210349  |         9.56862  |         2 |
+------------+-------------+------------------+------------------+------------------+-----------+
| -0.584211  | -1.16091    |         3.49336  |        0.233078  |         9.53698  |         2 |
+------------+-------------+------------------+------------------+------------------+-----------+
| -0.544138  | -1.47498    |         3.80538  |        0.330592  |         9.56187  |         2 |
+------------+-------------+------------------+------------------+------------------+-----------+
| -0.878982  | -0.452724   |         2.73021  |        0.81153   |         9.72243  |         2 |
+------------+-------------+------------------+------------------+------------------+-----------+
| -0.523132  | -1.61717    |         3.94769  |        0.44906   |         9.57378  |         2 |
+------------+-------------+------------------+------------------+------------------+-----------+
| -0.906104  |  0.571133   |         1.7575   |        1.83441   |         9.68909  |         1 |
+------------+-------------+------------------+------------------+------------------+-----------+
| -0.662549  | -1.83365    |         4.12086  |        0.58887   |         9.76176  |         2 |
+------------+-------------+------------------+------------------+------------------+-----------+
| -0.721912  | -1.84834    |         4.12162  |        0.592974  |         9.82291  |         2 |
+------------+-------------+------------------+------------------+------------------+-----------+
| -0.554315  | -0.908334   |         3.26307  |        0.426198  |         9.46325  |         2 |
+------------+-------------+------------------+------------------+------------------+-----------+
| -0.505673  | -1.23696    |         3.58985  |        0.29045   |         9.47456  |         2 |
+------------+-------------+------------------+------------------+------------------+-----------+
| -0.604633  | -1.15991    |         3.48633  |        0.215227  |         9.55685  |         2 |
+------------+-------------+------------------+------------------+------------------+-----------+
| -0.872507  | -0.438794   |         2.71863  |        0.824755  |         9.71445  |         2 |
+------------+-------------+------------------+------------------+------------------+-----------+
| -0.549133  | -1.77758    |         4.09493  |        0.573176  |         9.6379   |         2 |
+------------+-------------+------------------+------------------+------------------+-----------+
| -0.527154  | -0.799658   |         3.17008  |        0.532632  |         9.41933  |         2 |
+------------+-------------+------------------+------------------+------------------+-----------+
| -0.529421  | -0.973516   |         3.33282  |        0.390734  |         9.44954  |         2 |
+------------+-------------+------------------+------------------+------------------+-----------+
| -0.499789  | -1.34832    |         3.69754  |        0.308367  |         9.49139  |         2 |
+------------+-------------+------------------+------------------+------------------+-----------+
| -0.788833  | -0.268016   |         2.58124  |        0.991923  |         9.61381  |         2 |
+------------+-------------+------------------+------------------+------------------+-----------+
| -0.693001  | -0.295792   |         2.64008  |        0.96953   |         9.52107  |         2 |
+------------+-------------+------------------+------------------+------------------+-----------+
| -0.578648  | -1.80538    |         4.11408  |        0.586883  |         9.67345  |         2 |
+------------+-------------+------------------+------------------+------------------+-----------+
| -0.585741  | -0.212535   |         2.6037   |        1.06813   |         9.40649  |         2 |
+------------+-------------+------------------+------------------+------------------+-----------+
| -0.517666  | -0.743747   |         3.12111  |        0.58606   |         9.40161  |         2 |
+------------+-------------+------------------+------------------+------------------+-----------+
| -0.492632  | -2.5506     |         4.85766  |        1.32568   |         9.80612  |         2 |
+------------+-------------+------------------+------------------+------------------+-----------+
| -0.56628   | -0.910139   |         3.26084  |        0.418039  |         9.47535  |         2 |
+------------+-------------+------------------+------------------+------------------+-----------+
| -0.860366  | -0.721628   |         2.99433  |        0.54222   |         9.73765  |         2 |
+------------+-------------+------------------+------------------+------------------+-----------+
| -0.585934  | -1.2806     |         3.60721  |        0.2103    |         9.56189  |         2 |
+------------+-------------+------------------+------------------+------------------+-----------+
| -0.684894  | -1.20356    |         3.5055   |        0.123884  |         9.64391  |         2 |
+------------+-------------+------------------+------------------+------------------+-----------+
| -0.952768  | -0.482439   |         2.73954  |        0.793284  |         9.7991   |         2 |
+------------+-------------+------------------+------------------+------------------+-----------+
| -0.629394  | -1.82123    |         4.11674  |        0.585288  |         9.72655  |         2 |
+------------+-------------+------------------+------------------+------------------+-----------+
| -0.607415  | -0.843303   |         3.18427  |        0.456988  |         9.50534  |         2 |
+------------+-------------+------------------+------------------+------------------+-----------+
| -0.609682  | -1.01716    |         3.34864  |        0.305539  |         9.53609  |         2 |
+------------+-------------+------------------+------------------+------------------+-----------+
| -0.580049  | -1.39196    |         3.71558  |        0.25245   |         9.57902  |         2 |
+------------+-------------+------------------+------------------+------------------+-----------+
| -0.869094  | -0.311661   |         2.59781  |        0.951131  |         9.69787  |         2 |
+------------+-------------+------------------+------------------+------------------+-----------+
| -0.773261  | -0.339437   |         2.65384  |        0.920744  |         9.60527  |         2 |
+------------+-------------+------------------+------------------+------------------+-----------+
| -0.658909  | -1.84903    |         4.13666  |        0.604672  |         9.76214  |         2 |
+------------+-------------+------------------+------------------+------------------+-----------+
| -0.666002  | -0.25618    |         2.61297  |        1.01202   |         9.49041  |         2 |
+------------+-------------+------------------+------------------+------------------+-----------+
| -0.597926  | -0.787392   |         3.13451  |        0.512059  |         9.48744  |         2 |
+------------+-------------+------------------+------------------+------------------+-----------+
| -0.572892  | -2.59425    |         4.88205  |        1.35272   |         9.89621  |         2 |
+------------+-------------+------------------+------------------+------------------+-----------+
| -0.646541  | -0.953784   |         3.27707  |        0.340327  |         9.56169  |         2 |
+------------+-------------+------------------+------------------+------------------+-----------+
| -0.940627  | -0.765273   |         3.0171   |        0.515577  |         9.82325  |         2 |
+------------+-------------+------------------+------------------+------------------+-----------+
| -0.666195  | -1.32425    |         3.62678  |        0.144167  |         9.64929  |         2 |
+------------+-------------+------------------+------------------+------------------+-----------+
| -0.765155  | -1.2472     |         3.52695  |        0.0326395 |         9.73105  |         2 |
+------------+-------------+------------------+------------------+------------------+-----------+
| -1.03303   | -0.526084   |         2.76331  |        0.771408  |         9.88386  |         2 |
+------------+-------------+------------------+------------------+------------------+-----------+
| -0.709654  | -1.86487    |         4.14045  |        0.610973  |         9.81524  |         2 |
+------------+-------------+------------------+------------------+------------------+-----------+
| -0.687675  | -0.886948   |         3.20101  |        0.388165  |         9.59145  |         2 |
+------------+-------------+------------------+------------------+------------------+-----------+
| -0.689942  | -1.06081    |         3.36688  |        0.225229  |         9.62274  |         2 |
+------------+-------------+------------------+------------------+------------------+-----------+
| -0.66031   | -1.43561    |         3.73576  |        0.221506  |         9.66673  |         2 |
+------------+-------------+------------------+------------------+------------------+-----------+
| -0.949355  | -0.355306   |         2.61746  |        0.917651  |         9.78206  |         2 |
+------------+-------------+------------------+------------------+------------------+-----------+
| -0.853522  | -0.383082   |         2.67066  |        0.878774  |         9.68959  |         2 |
+------------+-------------+------------------+------------------+------------------+-----------+
| -0.739169  | -1.89267    |         4.16112  |        0.63523   |         9.85088  |         2 |
+------------+-------------+------------------+------------------+------------------+-----------+
| -0.746262  | -0.299825   |         2.62539  |        0.961341  |         9.57447  |         2 |
+------------+-------------+------------------+------------------+------------------+-----------+
| -0.678187  | -0.831037   |         3.1505   |        0.444562  |         9.57338  |         2 |
+------------+-------------+------------------+------------------+------------------+-----------+
| -0.653153  | -2.63789    |         4.90801  |        1.38527   |         9.98633  |         2 |
+------------+-------------+------------------+------------------+------------------+-----------+
| -0.726801  | -0.997429   |         3.29576  |        0.271259  |         9.64812  |         2 |
+------------+-------------+------------------+------------------+------------------+-----------+
| -1.02089   | -0.808917   |         3.04244  |        0.504312  |         9.90895  |         2 |
+------------+-------------+------------------+------------------+------------------+-----------+
| -1.08246   |  0.0741281  |         2.16823  |        1.36462   |         9.881    |         2 |
+------------+-------------+------------------+------------------+------------------+-----------+
| -1.04146   | -0.587772   |         2.82179  |        0.715834  |         9.89964  |         2 |
+------------+-------------+------------------+------------------+------------------+-----------+
| -1.41105   |  0.996164   |         1.19593  |        2.33862   |        10.2004   |         1 |
+------------+-------------+------------------+------------------+------------------+-----------+
| -1.08779   |  0.0980901  |         2.1437   |        1.38917   |         9.885    |         2 |
+------------+-------------+------------------+------------------+------------------+-----------+
| -1.21503   | -0.250612   |         2.45774  |        1.09313   |        10.0367   |         2 |
+------------+-------------+------------------+------------------+------------------+-----------+
| -1.03775   |  0.13994    |         2.11677  |        1.42071   |         9.83285  |         2 |
+------------+-------------+------------------+------------------+------------------+-----------+
| -1.44512   |  0.910898   |         1.27435  |        2.26601   |        10.2317   |         1 |
+------------+-------------+------------------+------------------+------------------+-----------+
| -1.16272   |  0.0304832  |         2.19187  |        1.34172   |         9.96367  |         2 |
+------------+-------------+------------------+------------------+------------------+-----------+
| -1.12172   | -0.631417   |         2.84899  |        0.708252  |         9.98472  |         2 |
+------------+-------------+------------------+------------------+------------------+-----------+
| -1.49131   |  0.952519   |         1.22702  |        2.31936   |        10.2791   |         1 |
+------------+-------------+------------------+------------------+------------------+-----------+
| -1.16805   |  0.0544453  |         2.16733  |        1.36622   |         9.96757  |         2 |
+------------+-------------+------------------+------------------+------------------+-----------+
| -1.29529   | -0.294257   |         2.48861  |        1.08746   |        10.1205   |         2 |
+------------+-------------+------------------+------------------+------------------+-----------+
| -1.11802   |  0.0962949  |         2.13796  |        1.3941    |         9.91527  |         2 |
+------------+-------------+------------------+------------------+------------------+-----------+
| -1.52538   |  0.867254   |         1.30852  |        2.249     |        10.3109   |         1 |
+------------+-------------+------------------+------------------+------------------+-----------+
| -1.24298   | -0.0131617  |         2.21903  |        1.32473   |        10.0465   |         2 |
+------------+-------------+------------------+------------------+------------------+-----------+
| -1.20198   | -0.675061   |         2.87884  |        0.712401  |        10.0699   |         2 |
+------------+-------------+------------------+------------------+------------------+-----------+
| -1.57157   |  0.908874   |         1.26397  |        2.30356   |        10.3581   |         1 |
+------------+-------------+------------------+------------------+------------------+-----------+
| -1.24831   |  0.0108004  |         2.1945   |        1.34908   |        10.0503   |         2 |
+------------+-------------+------------------+------------------+------------------+-----------+
| -1.37555   | -0.337902   |         2.52241  |        1.08945   |        10.2045   |         2 |
+------------+-------------+------------------+------------------+------------------+-----------+
| -1.19828   |  0.0526501  |         2.16281  |        1.37306   |         9.99785  |         2 |
+------------+-------------+------------------+------------------+------------------+-----------+
| -1.60564   |  0.823609   |         1.34802  |        2.23559   |        10.3902   |         1 |
+------------+-------------+------------------+------------------+------------------+-----------+
| -1.1295    | -0.267014   |         2.48977  |        1.04767   |         9.95294  |         2 |
+------------+-------------+------------------+------------------+------------------+-----------+
| -1.15336   | -0.205773   |         2.425    |        1.11333   |         9.97138  |         2 |
+------------+-------------+------------------+------------------+------------------+-----------+
| -1.09491   |  0.0152494  |         2.22219  |        1.30991   |         9.89692  |         2 |
+------------+-------------+------------------+------------------+------------------+-----------+
| -1.0755    |  0.378881   |         1.87711  |        1.6626    |         9.86154  |         2 |
+------------+-------------+------------------+------------------+------------------+-----------+
| -1.5553    |  0.636703   |         1.53661  |        2.04326   |        10.3381   |         1 |
+------------+-------------+------------------+------------------+------------------+-----------+
| -1.18477   | -0.846496   |         3.05093  |        0.568043  |        10.0766   |         2 |
+------------+-------------+------------------+------------------+------------------+-----------+
| -1.14365   |  0.333905   |         1.90145  |        1.63147   |         9.9309   |         2 |
+------------+-------------+------------------+------------------+------------------+-----------+
| -1.49006   |  0.690757   |         1.48746  |        2.07073   |        10.273    |         1 |
+------------+-------------+------------------+------------------+------------------+-----------+
| -1.12653   | -0.633764   |         2.85044  |        0.708407  |         9.98979  |         2 |
+------------+-------------+------------------+------------------+------------------+-----------+
| -1.21621   | -0.431026   |         2.63552  |        0.929679  |        10.0553   |         2 |
+------------+-------------+------------------+------------------+------------------+-----------+
| -1.41673   |  1.13798    |         1.05572  |        2.47714   |        10.2121   |         1 |
+------------+-------------+------------------+------------------+------------------+-----------+
| -1.09304   |  0.268285   |         1.97813  |        1.55696   |         9.88252  |         2 |
+------------+-------------+------------------+------------------+------------------+-----------+
| -1.20976   | -0.310658   |         2.51781  |        1.03583   |        10.0369   |         2 |
+------------+-------------+------------------+------------------+------------------+-----------+
| -1.23362   | -0.249418   |         2.45347  |        1.10151   |        10.0551   |         2 |
+------------+-------------+------------------+------------------+------------------+-----------+
| -1.17517   | -0.0283955  |         2.24685  |        1.28881   |         9.97982  |         2 |
+------------+-------------+------------------+------------------+------------------+-----------+
| -1.15576   |  0.335236   |         1.89708  |        1.63539   |         9.94298  |         2 |
+------------+-------------+------------------+------------------+------------------+-----------+
| -1.63556   |  0.593058   |         1.5783   |        2.03463   |        10.4184   |         1 |
+------------+-------------+------------------+------------------+------------------+-----------+
| -1.26503   | -0.890141   |         3.08351  |        0.597883  |        10.1624   |         2 |
+------------+-------------+------------------+------------------+------------------+-----------+
| -1.22391   |  0.29026    |         1.92502  |        1.60836   |        10.0125   |         2 |
+------------+-------------+------------------+------------------+------------------+-----------+
| -1.57032   |  0.647112   |         1.52553  |        2.05853   |        10.3531   |         1 |
+------------+-------------+------------------+------------------+------------------+-----------+
| -1.20679   | -0.677409   |         2.88044  |        0.713241  |        10.075    |         2 |
+------------+-------------+------------------+------------------+------------------+-----------+
| -1.29647   | -0.474671   |         2.66732  |        0.931597  |        10.1398   |         2 |
+------------+-------------+------------------+------------------+------------------+-----------+
| -1.49699   |  1.09434    |         1.08555  |        2.45663   |        10.2902   |         1 |
+------------+-------------+------------------+------------------+------------------+-----------+
| -1.1733    |  0.224641   |         2.00021  |        1.53195   |         9.96441  |         2 |
+------------+-------------+------------------+------------------+------------------+-----------+
| -1.29002   | -0.354303   |         2.54882  |        1.03197   |        10.1209   |         2 |
+------------+-------------+------------------+------------------+------------------+-----------+
| -1.31388   | -0.293063   |         2.48497  |        1.09719   |        10.1389   |         2 |
+------------+-------------+------------------+------------------+------------------+-----------+
| -1.25544   | -0.0720404  |         2.27491  |        1.27391   |        10.0629   |         2 |
+------------+-------------+------------------+------------------+------------------+-----------+
| -1.23602   |  0.291591   |         1.92118  |        1.61292   |        10.0246   |         2 |
+------------+-------------+------------------+------------------+------------------+-----------+
| -1.71582   |  0.549414   |         1.62407  |        2.03007   |        10.4989   |         1 |
+------------+-------------+------------------+------------------+------------------+-----------+
| -1.34529   | -0.933786   |         3.11842  |        0.639491  |        10.2483   |         2 |
+------------+-------------+------------------+------------------+------------------+-----------+
| -1.30417   |  0.246615   |         1.9526   |        1.59018   |        10.0943   |         2 |
+------------+-------------+------------------+------------------+------------------+-----------+
| -1.65058   |  0.603468   |         1.56799  |        2.05033   |        10.4334   |         1 |
+------------+-------------+------------------+------------------+------------------+-----------+
| -1.28705   | -0.721054   |         2.913    |        0.729575  |        10.1603   |         2 |
+------------+-------------+------------------+------------------+------------------+-----------+
| -1.37673   | -0.518315   |         2.70183  |        0.942411  |        10.2244   |         2 |
+------------+-------------+------------------+------------------+------------------+-----------+
| -1.57725   |  1.05069    |         1.12204  |        2.43937   |        10.3685   |         1 |
+------------+-------------+------------------+------------------+------------------+-----------+
| -1.25356   |  0.180996   |         2.02617  |        1.51206   |        10.0465   |         2 |
+------------+-------------+------------------+------------------+------------------+-----------+
|  0.0175022 | -3.21467    |         5.63319  |        2.11697   |         9.57206  |         2 |
+------------+-------------+------------------+------------------+------------------+-----------+
| -0.219655  | -2.48408    |         4.86519  |        1.35271   |         9.52637  |         2 |
+------------+-------------+------------------+------------------+------------------+-----------+
| -0.196767  | -2.83728    |         5.21044  |        1.68707   |         9.62631  |         2 |
+------------+-------------+------------------+------------------+------------------+-----------+
| -0.243786  | -3.01973    |         5.37371  |        1.84418   |         9.73712  |         2 |
+------------+-------------+------------------+------------------+------------------+-----------+
| -0.090631  | -2.03225    |         4.47756  |        1.04543   |         9.26466  |         2 |
+------------+-------------+------------------+------------------+------------------+-----------+
| -0.116111  | -2.8541     |         5.24934  |        1.7328    |         9.55723  |         2 |
+------------+-------------+------------------+------------------+------------------+-----------+
| -0.104191  | -2.38211    |         4.8032   |        1.31789   |         9.38409  |         2 |
+------------+-------------+------------------+------------------+------------------+-----------+
| -0.174013  | -2.59223    |         4.98195  |        1.47002   |         9.51933  |         2 |
+------------+-------------+------------------+------------------+------------------+-----------+
| -0.130496  | -2.40335    |         4.81507  |        1.32261   |         9.41583  |         2 |
+------------+-------------+------------------+------------------+------------------+-----------+
| -0.288439  | -1.83589    |         4.22674  |        0.767183  |         9.40084  |         2 |
+------------+-------------+------------------+------------------+------------------+-----------+
| -0.0627584 | -3.25832    |         5.65211  |        2.1284    |         9.66309  |         2 |
+------------+-------------+------------------+------------------+------------------+-----------+
| -0.299916  | -2.52772    |         4.88446  |        1.36112   |         9.6165   |         2 |
+------------+-------------+------------------+------------------+------------------+-----------+
| -0.277027  | -2.88093    |         5.23103  |        1.70182   |         9.71691  |         2 |
+------------+-------------+------------------+------------------+------------------+-----------+
| -0.324047  | -3.06338    |         5.39585  |        1.86399   |         9.82789  |         2 |
+------------+-------------+------------------+------------------+------------------+-----------+
| -0.170892  | -2.07589    |         4.4918   |        1.02742   |         9.3541   |         2 |
+------------+-------------+------------------+------------------+------------------+-----------+
| -0.196371  | -2.89774    |         5.26869  |        1.74387   |         9.64789  |         2 |
+------------+-------------+------------------+------------------+------------------+-----------+
| -0.184452  | -2.42576    |         4.81987  |        1.31614   |         9.47412  |         2 |
+------------+-------------+------------------+------------------+------------------+-----------+
| -0.254273  | -2.63588    |         5.00098  |        1.47847   |         9.60964  |         2 |
+------------+-------------+------------------+------------------+------------------+-----------+
| -0.210756  | -2.447      |         4.83233  |        1.32316   |         9.50588  |         2 |
+------------+-------------+------------------+------------------+------------------+-----------+
| -0.368699  | -1.87954    |         4.24355  |        0.752226  |         9.48977  |         2 |
+------------+-------------+------------------+------------------+------------------+-----------+
| -0.143019  | -3.30196    |         5.67245  |        2.14367   |         9.75414  |         2 |
+------------+-------------+------------------+------------------+------------------+-----------+
| -0.380176  | -2.57137    |         4.90535  |        1.37555   |         9.70665  |         2 |
+------------+-------------+------------------+------------------+------------------+-----------+
| -0.357288  | -2.92457    |         5.25313  |        1.72129   |         9.80753  |         2 |
+------------+-------------+------------------+------------------+------------------+-----------+
| -0.404307  | -3.10702    |         5.41945  |        1.88801   |         9.91868  |         2 |
+------------+-------------+------------------+------------------+------------------+-----------+
| -0.251152  | -2.11954    |         4.50785  |        1.01732   |         9.44357  |         2 |
+------------+-------------+------------------+------------------+------------------+-----------+
| -0.276632  | -2.94139    |         5.28955  |        1.75962   |         9.73856  |         2 |
+------------+-------------+------------------+------------------+------------------+-----------+
| -0.264712  | -2.4694     |         4.83821  |        1.32071   |         9.56419  |         2 |
+------------+-------------+------------------+------------------+------------------+-----------+
| -0.334534  | -2.67952    |         5.02161  |        1.49248   |         9.69996  |         2 |
+------------+-------------+------------------+------------------+------------------+-----------+
| -0.291017  | -2.49064    |         4.85125  |        1.33      |         9.59596  |         2 |
+------------+-------------+------------------+------------------+------------------+-----------+
| -0.44896   | -1.92318    |         4.26225  |        0.748206  |         9.57874  |         2 |
+------------+-------------+------------------+------------------+------------------+-----------+
| -0.444888  | -2.14968    |         4.48135  |        0.95624   |         9.63772  |         2 |
+------------+-------------+------------------+------------------+------------------+-----------+
| -0.544856  | -2.06174    |         4.37067  |        0.839997  |         9.70872  |         2 |
+------------+-------------+------------------+------------------+------------------+-----------+
| -0.553169  | -2.14968    |         4.45387  |        0.9221    |         9.74145  |         2 |
+------------+-------------+------------------+------------------+------------------+-----------+
| -0.712159  | -0.614778   |         2.9343   |        0.650466  |         9.57641  |         2 |
+------------+-------------+------------------+------------------+------------------+-----------+
| -1.38331   |  0.307786   |         1.8802   |        1.67438   |        10.1713   |         2 |
+------------+-------------+------------------+------------------+------------------+-----------+
| -0.625129  | -1.47236    |         3.78048  |        0.27214   |         9.64032  |         2 |
+------------+-------------+------------------+------------------+------------------+-----------+
| -0.536489  | -1.421      |         3.75592  |        0.304774  |         9.54266  |         2 |
+------------+-------------+------------------+------------------+------------------+-----------+
| -0.530287  | -1.41813    |         3.75499  |        0.308574  |         9.53598  |         2 |
+------------+-------------+------------------+------------------+------------------+-----------+
| -0.47387   | -2.1426     |         4.46691  |        0.939352  |         9.66344  |         2 |
+------------+-------------+------------------+------------------+------------------+-----------+
| -0.408334  | -1.98363    |         4.33166  |        0.820633  |         9.55596  |         2 |
+------------+-------------+------------------+------------------+------------------+-----------+
| -0.565456  | -1.81818    |         4.12984  |        0.603691  |         9.66392  |         2 |
+------------+-------------+------------------+------------------+------------------+-----------+
| -0.537443  | -2.4189     |         4.71914  |        1.1873    |         9.80676  |         2 |
+------------+-------------+------------------+------------------+------------------+-----------+
| -0.529485  | -1.66457    |         3.99144  |        0.484101  |         9.59119  |         2 |
+------------+-------------+------------------+------------------+------------------+-----------+
| -0.63575   | -0.985079   |         3.31017  |        0.317751  |         9.55629  |         2 |
+------------+-------------+------------------+------------------+------------------+-----------+
| -0.525148  | -2.19332    |         4.50303  |        0.971686  |         9.72718  |         2 |
+------------+-------------+------------------+------------------+------------------+-----------+
| -0.625117  | -2.10538    |         4.39385  |        0.862407  |         9.79796  |         2 |
+------------+-------------+------------------+------------------+------------------+-----------+
| -0.63343   | -2.19333    |         4.47764  |        0.947327  |         9.83085  |         2 |
+------------+-------------+------------------+------------------+------------------+-----------+
| -0.792419  | -0.658423   |         2.95193  |        0.601503  |         9.66172  |         2 |
+------------+-------------+------------------+------------------+------------------+-----------+
| -1.46357   |  0.264141   |         1.91471  |        1.66417   |        10.253    |         2 |
+------------+-------------+------------------+------------------+------------------+-----------+
| -0.70539   | -1.516      |         3.8022   |        0.271382  |         9.7282   |         2 |
+------------+-------------+------------------+------------------+------------------+-----------+
| -0.61675   | -1.46465    |         3.7753   |        0.271595  |         9.63046  |         2 |
+------------+-------------+------------------+------------------+------------------+-----------+
| -0.610547  | -1.46178    |         3.77421  |        0.273584  |         9.62378  |         2 |
+------------+-------------+------------------+------------------+------------------+-----------+
| -0.554131  | -2.18624    |         4.48912  |        0.957181  |         9.75287  |         2 |
+------------+-------------+------------------+------------------+------------------+-----------+
| -0.488594  | -2.02728    |         4.35175  |        0.826351  |         9.64512  |         2 |
+------------+-------------+------------------+------------------+------------------+-----------+
| -0.645717  | -1.86182    |         4.15221  |        0.620193  |         9.75264  |         2 |
+------------+-------------+------------------+------------------+------------------+-----------+
| -0.617704  | -2.46255    |         4.74378  |        1.21566   |         9.89663  |         2 |
+------------+-------------+------------------+------------------+------------------+-----------+
| -0.609745  | -1.70821    |         4.0122   |        0.485147  |         9.6796   |         2 |
+------------+-------------+------------------+------------------+------------------+-----------+
| -0.71601   | -1.02872    |         3.32882  |        0.244386  |         9.64282  |         2 |
+------------+-------------+------------------+------------------+------------------+-----------+
| -0.605409  | -2.23697    |         4.52646  |        0.995312  |         9.81668  |         2 |
+------------+-------------+------------------+------------------+------------------+-----------+
| -0.705378  | -2.14903    |         4.41881  |        0.893638  |         9.88723  |         2 |
+------------+-------------+------------------+------------------+------------------+-----------+
| -0.71369   | -2.23697    |         4.50313  |        0.98045   |         9.92028  |         2 |
+------------+-------------+------------------+------------------+------------------+-----------+
| -0.87268   | -0.702068   |         2.97226  |        0.563204  |         9.74715  |         2 |
+------------+-------------+------------------+------------------+------------------+-----------+
| -1.54384   |  0.220496   |         1.95289  |        1.65893   |        10.3348   |         2 |
+------------+-------------+------------------+------------------+------------------+-----------+
| -0.785651  | -1.55965    |         3.82597  |        0.299883  |         9.81615  |         2 |
+------------+-------------+------------------+------------------+------------------+-----------+
| -0.697011  | -1.50829    |         3.79678  |        0.267084  |         9.71833  |         2 |
+------------+-------------+------------------+------------------+------------------+-----------+
| -0.690808  | -1.50542    |         3.79553  |        0.266781  |         9.71165  |         2 |
+------------+-------------+------------------+------------------+------------------+-----------+
| -0.634391  | -2.22989    |         4.51307  |        0.983209  |         9.84234  |         2 |
+------------+-------------+------------------+------------------+------------------+-----------+
| -0.568855  | -2.07092    |         4.37366  |        0.842001  |         9.73432  |         2 |
+------------+-------------+------------------+------------------+------------------+-----------+
| -0.725978  | -1.90547    |         4.17646  |        0.649252  |         9.84142  |         2 |
+------------+-------------+------------------+------------------+------------------+-----------+
| -0.697964  | -2.50619    |         4.77005  |        1.25006   |         9.98652  |         2 |
+------------+-------------+------------------+------------------+------------------+-----------+
| -0.690006  | -1.75186    |         4.03491  |        0.503064  |         9.76805  |         2 |
+------------+-------------+------------------+------------------+------------------+-----------+
| -0.796271  | -1.07237    |         3.34986  |        0.187553  |         9.72944  |         2 |
+------------+-------------+------------------+------------------+------------------+-----------+
| -0.957316  | -1.87825    |         4.10556  |        0.63923   |        10.0583   |         2 |
+------------+-------------+------------------+------------------+------------------+-----------+
| -0.924954  | -1.30994    |         3.55253  |        0.139048  |         9.9      |         2 |
+------------+-------------+------------------+------------------+------------------+-----------+
| -0.861765  | -2.1767     |         4.41589  |        0.919195  |        10.0451   |         2 |
+------------+-------------+------------------+------------------+------------------+-----------+
| -0.826722  | -1.3873     |         3.64881  |        0.131222  |         9.81931  |         2 |
+------------+-------------+------------------+------------------+------------------+-----------+
| -0.836801  | -1.37745    |         3.63698  |        0.124669  |         9.82715  |         2 |
+------------+-------------+------------------+------------------+------------------+-----------+
| -1.0839    | -1.153      |         3.36937  |        0.307845  |        10.0268   |         2 |
+------------+-------------+------------------+------------------+------------------+-----------+
| -1.03758   | -1.9219     |         4.13631  |        0.704951  |        10.1469   |         2 |
+------------+-------------+------------------+------------------+------------------+-----------+
| -1.00521   | -1.35359    |         3.58038  |        0.229942  |         9.9873   |         2 |
+------------+-------------+------------------+------------------+------------------+-----------+
| -0.942026  | -2.22035    |         4.4457   |        0.971584  |        10.1344   |         2 |
+------------+-------------+------------------+------------------+------------------+-----------+
| -0.906983  | -1.43095    |         3.6747   |        0.20431   |         9.90686  |         2 |
+------------+-------------+------------------+------------------+------------------+-----------+
| -0.917062  | -1.42109    |         3.66305  |        0.202048  |         9.91468  |         2 |
+------------+-------------+------------------+------------------+------------------+-----------+
| -1.16416   | -1.19664    |         3.40045  |        0.374328  |        10.1136   |         2 |
+------------+-------------+------------------+------------------+------------------+-----------+
| -1.11784   | -1.96554    |         4.16883  |        0.775881  |        10.2356   |         2 |
+------------+-------------+------------------+------------------+------------------+-----------+
| -1.08547   | -1.39723    |         3.61032  |        0.3211    |        10.0747   |         2 |
+------------+-------------+------------------+------------------+------------------+-----------+
| -1.02229   | -2.26399    |         4.47717  |        1.02943   |        10.2237   |         2 |
+------------+-------------+------------------+------------------+------------------+-----------+
| -0.987243  | -1.47459    |         3.70266  |        0.288027  |         9.99449  |         2 |
+------------+-------------+------------------+------------------+------------------+-----------+
| -0.997322  | -1.46474    |         3.69121  |        0.287746  |        10.0023   |         2 |
+------------+-------------+------------------+------------------+------------------+-----------+
| -1.24442   | -1.24029    |         3.43368  |        0.44963   |        10.2004   |         2 |
+------------+-------------+------------------+------------------+------------------+-----------+
| -1.69155   | -0.981151   |         3.15306  |        0.938685  |        10.5978   |         2 |
+------------+-------------+------------------+------------------+------------------+-----------+
| -1.97445   |  0.947036   |         1.2711   |        2.50225   |        10.7619   |         1 |
+------------+-------------+------------------+------------------+------------------+-----------+
| -1.87243   |  0.568177   |         1.62099  |        2.12187   |        10.6554   |         1 |
+------------+-------------+------------------+------------------+------------------+-----------+
| -1.80391   | -1.04225    |         3.21816  |        1.03192   |        10.7182   |         2 |
+------------+-------------+------------------+------------------+------------------+-----------+
| -2.08682   |  0.885934   |         1.36325  |        2.50458   |        10.8726   |         1 |
+------------+-------------+------------------+------------------+------------------+-----------+
| -1.98479   |  0.507074   |         1.7011   |        2.13011   |        10.7683   |         1 |
+------------+-------------+------------------+------------------+------------------+-----------+
| -1.23859   | -0.194697   |         2.39867  |        1.15381   |        10.0554   |         2 |
+------------+-------------+------------------+------------------+------------------+-----------+
| -1.55711   |  0.612663   |         1.56053  |        2.02164   |        10.3399   |         1 |
+------------+-------------+------------------+------------------+------------------+-----------+
| -1.51133   | -0.106094   |         2.28069  |        1.35799   |        10.3205   |         2 |
+------------+-------------+------------------+------------------+------------------+-----------+
| -1.35096   | -0.2558     |         2.44347  |        1.14765   |        10.1725   |         2 |
+------------+-------------+------------------+------------------+------------------+-----------+
| -1.66947   |  0.551561   |         1.62021  |        2.01141   |        10.4526   |         1 |
+------------+-------------+------------------+------------------+------------------+-----------+
| -1.62369   | -0.167197   |         2.33857  |        1.37128   |        10.4371   |         2 |
+------------+-------------+------------------+------------------+------------------+-----------+
| -1.35498   | -0.655478   |         2.84045  |        0.823823  |        10.2192   |         2 |
+------------+-------------+------------------+------------------+------------------+-----------+
| -1.34731   | -1.07234    |         3.25624  |        0.58309   |        10.2724   |         2 |
+------------+-------------+------------------+------------------+------------------+-----------+
| -1.15886   | -2.21261    |         4.40951  |        1.01974   |        10.3405   |         2 |
+------------+-------------+------------------+------------------+------------------+-----------+
| -1.51563   | -0.628268   |         2.80208  |        0.958117  |        10.3752   |         2 |
+------------+-------------+------------------+------------------+------------------+-----------+
| -1.49137   | -1.07607    |         3.2505   |        0.72002   |        10.4151   |         2 |
+------------+-------------+------------------+------------------+------------------+-----------+
| -1.28186   | -2.22143    |         4.40678  |        1.07765   |        10.4612   |         2 |
+------------+-------------+------------------+------------------+------------------+-----------+
|  7.59319   | -0.332538   |         9.55972  |        8.43951   |         1.53126  |         3 |
+------------+-------------+------------------+------------------+------------------+-----------+
|  7.45947   |  0.200647   |         9.30339  |        8.38291   |         1.39173  |         3 |
+------------+-------------+------------------+------------------+------------------+-----------+
|  7.68288   | -0.576128   |         9.71239  |        8.50562   |         1.63354  |         3 |
+------------+-------------+------------------+------------------+------------------+-----------+
|  8.32453   | -0.168185   |        10.2285   |        9.18486   |         0.921785 |         3 |
+------------+-------------+------------------+------------------+------------------+-----------+
|  8.19081   |  0.365001   |         9.9883   |        9.13176   |         0.649253 |         3 |
+------------+-------------+------------------+------------------+------------------+-----------+
|  8.41422   | -0.411775   |        10.3738   |        9.2484    |         1.10658  |         3 |
+------------+-------------+------------------+------------------+------------------+-----------+
|  9.53076   |  0.13533    |        11.3477   |       10.4198    |         0.897633 |         3 |
+------------+-------------+------------------+------------------+------------------+-----------+
|  9.39704   |  0.668516   |        11.1317   |       10.3731    |         0.615351 |         3 |
+------------+-------------+------------------+------------------+------------------+-----------+
|  9.62045   | -0.10826    |        11.4818   |       10.4791    |         1.11762  |         3 |
+------------+-------------+------------------+------------------+------------------+-----------+
|  8.26032   | -0.203101   |        10.1741   |        9.11699   |         0.984748 |         3 |
+------------+-------------+------------------+------------------+------------------+-----------+
|  8.1266    |  0.330085   |         9.93157  |        9.06239   |         0.722156 |         3 |
+------------+-------------+------------------+------------------+------------------+-----------+
|  8.35001   | -0.446691   |        10.3204   |        9.18131   |         1.16191  |         3 |
+------------+-------------+------------------+------------------+------------------+-----------+
|  7.73916   |  1.29597    |         9.41275  |        8.90888   |         1.23715  |         3 |
+------------+-------------+------------------+------------------+------------------+-----------+
|  7.62035   | -0.1145     |         9.53131  |        8.49316   |         1.38129  |         3 |
+------------+-------------+------------------+------------------+------------------+-----------+
|  7.77278   |  0.284069   |         9.59306  |        8.706     |         1.06814  |         3 |
+------------+-------------+------------------+------------------+------------------+-----------+
|  8.62871   |  1.50731    |        10.283    |        9.82181   |         0.889149 |         3 |
+------------+-------------+------------------+------------------+------------------+-----------+
|  8.5099    |  0.0968411  |        10.3527   |        9.40351   |         0.600376 |         3 |
+------------+-------------+------------------+------------------+------------------+-----------+
|  8.66234   |  0.495411   |        10.4307   |        9.61907   |         0.181827 |         3 |
+------------+-------------+------------------+------------------+------------------+-----------+
|  9.99755   |  1.85948    |        11.6345   |       11.2345    |         1.72722  |         3 |
+------------+-------------+------------------+------------------+------------------+-----------+
|  9.87874   |  0.449012   |        11.6397   |       10.8099    |         1.11105  |         3 |
+------------+-------------+------------------+------------------+------------------+-----------+
| 10.0312    |  0.847581   |        11.7388   |       11.0296    |         1.26692  |         3 |
+------------+-------------+------------------+------------------+------------------+-----------+
|  8.56451   |  1.47239    |        10.2212   |        9.75038   |         0.868656 |         3 |
+------------+-------------+------------------+------------------+------------------+-----------+
|  8.4457    |  0.0619252  |        10.2969   |        9.33497   |         0.661952 |         3 |
+------------+-------------+------------------+------------------+------------------+-----------+
|  8.59813   |  0.460495   |        10.373    |        9.54959   |         0.25176  |         3 |
+------------+-------------+------------------+------------------+------------------+-----------+
|  7.70875   | -0.210044   |         9.6403   |        8.56852   |         1.36454  |         3 |
+------------+-------------+------------------+------------------+------------------+-----------+
|  7.50589   |  1.05077    |         9.20713  |        8.6167    |         1.34394  |         3 |
+------------+-------------+------------------+------------------+------------------+-----------+
|  7.86893   |  0.00540854 |         9.74546  |        8.75605   |         1.10783  |         3 |
+------------+-------------+------------------+------------------+------------------+-----------+
|  9.20691   |  0.168532   |        11.0232   |       10.1036    |         0.627951 |         3 |
+------------+-------------+------------------+------------------+------------------+-----------+
|  9.00406   |  1.42935    |        10.6627   |       10.1616    |         0.82785  |         3 |
+------------+-------------+------------------+------------------+------------------+-----------+
|  9.3671    |  0.383984   |        11.1442   |       10.2944    |         0.634608 |         3 |
+------------+-------------+------------------+------------------+------------------+-----------+
| 10.3241    |  0.452026   |        12.0798   |       11.2503    |         1.55169  |         3 |
+------------+-------------+------------------+------------------+------------------+-----------+
| 10.1212    |  1.71284    |        11.7629   |       11.3139    |         1.72057  |         3 |
+------------+-------------+------------------+------------------+------------------+-----------+
| 10.4842    |  0.667478   |        12.21     |       11.4429    |         1.70182  |         3 |
+------------+-------------+------------------+------------------+------------------+-----------+
|  9.14271   |  0.133616   |        10.9665   |       10.0351    |         0.614441 |         3 |
+------------+-------------+------------------+------------------+------------------+-----------+
|  8.93985   |  1.39443    |        10.6011   |       10.0904    |         0.778817 |         3 |
+------------+-------------+------------------+------------------+------------------+-----------+
|  9.30289   |  0.349068   |        11.0865   |       10.2255    |         0.591885 |         3 |
+------------+-------------+------------------+------------------+------------------+-----------+
|  7.98851   |  0.975347   |         9.69536  |        9.06368   |         0.86547  |         3 |
+------------+-------------+------------------+------------------+------------------+-----------+
|  7.90958   |  1.80598    |         9.54937  |        9.22894   |         1.46343  |         3 |
+------------+-------------+------------------+------------------+------------------+-----------+
|  8.08472   |  0.174984   |         9.92047  |        8.99512   |         0.834155 |         3 |
+------------+-------------+------------------+------------------+------------------+-----------+
|  8.91159   |  1.20701    |        10.5884   |       10.0154    |         0.589632 |         3 |
+------------+-------------+------------------+------------------+------------------+-----------+
|  8.83266   |  2.03764    |        10.4663   |       10.1769    |         1.40691  |         3 |
+------------+-------------+------------------+------------------+------------------+-----------+
|  9.0078    |  0.406644   |        10.7859   |        9.94367   |         0.31818  |         3 |
+------------+-------------+------------------+------------------+------------------+-----------+
|  9.96224   |  1.47556    |        11.6159   |       11.0998    |         1.45029  |         3 |
+------------+-------------+------------------+------------------+------------------+-----------+
|  9.88331   |  2.3062     |        11.5169   |       11.2582    |         2.00384  |         3 |
+------------+-------------+------------------+------------------+------------------+-----------+
| 10.0585    |  0.675197   |        11.7866   |       11.0248    |         1.2764   |         3 |
+------------+-------------+------------------+------------------+------------------+-----------+
|  8.84738   |  1.17209    |        10.5277   |        9.94456   |         0.544323 |         3 |
+------------+-------------+------------------+------------------+------------------+-----------+
|  8.76845   |  2.00273    |        10.4026   |       10.1049    |         1.37119  |         3 |
+------------+-------------+------------------+------------------+------------------+-----------+
|  8.94359   |  0.371728   |        10.7284   |        9.87454   |         0.305607 |         3 |
+------------+-------------+------------------+------------------+------------------+-----------+

Abbreviations:

PC1,PC2: Extracted features after Principal Component Analysis(PCA)
Dist_Centroid[1,2,..n]: Distance between the PC and centroid[1,2,..n]
Cluster: The cluster to which the PC coordinates belongs w.r.t distance
